0.000169406 1
0.000338941 2
0.000510106 3
0.00068327 4
0.000875009 5
0.0010715 6
0.00127044 7
0.00146947 8
0.00166955 9
0.00187092 10
0.002073 11
0.00227601 12
0.00247906 13
0.00268427 14
0.00289047 15
0.0030973 16
0.00330639 17
0.00351738 18
0.00372861 19
0.00394055 20
0.00415477 21
0.00436911 22
0.0045837 23
0.00479841 24
0.00501572 25
0.00523364 26
0.00545378 27
0.00567457 28
0.00589804 29
0.00612274 30
0.0063477 31
0.00657312 32
0.00680463 33
0.00703966 34
0.00727781 35
0.00751735 36
0.00775791 37
0.00799886 38
0.00824215 39
0.00848605 40
0.00873003 41
0.00897448 42
0.00922047 43
0.00946711 44
0.00971465 45
0.00996259 46
0.0102107 47
0.0104593 48
0.0107082 49
0.0109577 50
0.0112099 51
0.0114622 52
0.0117146 53
0.0119684 54
0.0122235 55
0.0124797 56
0.0127373 57
0.0129958 58
0.0132545 59
0.0135151 60
0.0137757 61
0.0140384 62
0.0143032 63
0.0145683 64
0.0148337 65
0.0151008 66
0.015368 67
0.0156408 68
0.0159143 69
0.0161885 70
0.0164632 71
0.016738 72
0.0170132 73
0.0172908 74
0.0175709 75
0.0178513 76
0.0181323 77
0.0184137 78
0.0186952 79
0.01898 80
0.0192648 81
0.019551 82
0.0198415 83
0.0201333 84
0.0204254 85
0.0207182 86
0.0210117 87
0.0213056 88
0.0215999 89
0.0218962 90
0.0221927 91
0.0224895 92
0.0227869 93
0.0230859 94
0.023385 95
0.0236846 96
0.0239846 97
0.0242846 98
0.0245883 99
0.0248926 100
0.0251983 101
0.0255044 102
0.025811 103
0.0261185 104
0.0264312 105
0.0267441 106
0.0270593 107
0.0273755 108
0.0276927 109
0.0280132 110
0.028334 111
0.0286574 112
0.0289811 113
0.0293083 114
0.0296358 115
0.0299639 116
0.0302926 117
0.0306224 118
0.030953 119
0.0312836 120
0.0316148 121
0.0319461 122
0.0322777 123
0.0326109 124
0.0329448 125
0.0332786 126
0.0336127 127
0.0339483 128
0.0342847 129
0.0346213 130
0.0349583 131
0.0352977 132
0.0356374 133
0.0359772 134
0.0363175 135
0.0366583 136
0.0370012 137
0.0373442 138
0.037688 139
0.0380319 140
0.038376 141
0.0387204 142
0.0390653 143
0.0394102 144
0.0397561 145
0.0401029 146
0.0404504 147
0.040799 148
0.0411477 149
0.0414971 150
0.0418474 151
0.0421988 152
0.0425503 153
0.042903 154
0.0432564 155
0.0436103 156
0.0439652 157
0.0443221 158
0.0446796 159
0.0450377 160
0.0453981 161
0.0457606 162
0.0461262 163
0.0464937 164
0.0468627 165
0.0472322 166
0.0476034 167
0.0479749 168
0.0483486 169
0.0487225 170
0.0490965 171
0.0494737 172
0.0498517 173
0.0502305 174
0.0506127 175
0.0509957 176
0.051379 177
0.0517629 178
0.0521485 179
0.0525343 180
0.0529201 181
0.0533064 182
0.0536934 183
0.0540811 184
0.0544708 185
0.0548609 186
0.0552541 187
0.0556476 188
0.0560417 189
0.0564364 190
0.056832 191
0.0572305 192
0.0576293 193
0.0580305 194
0.0584318 195
0.0588334 196
0.0592353 197
0.0596377 198
0.0600412 199
0.060445 200
0.0608499 201
0.0612559 202
0.061662 203
0.0620683 204
0.062475 205
0.0628824 206
0.0632901 207
0.0636998 208
0.0641109 209
0.0645223 210
0.0649352 211
0.0653484 212
0.0657647 213
0.0661812 214
0.0665986 215
0.0670169 216
0.0674357 217
0.0678545 218
0.0682741 219
0.0686948 220
0.069116 221
0.0695379 222
0.0699615 223
0.0703856 224
0.0708101 225
0.0712368 226
0.0716644 227
0.0720947 228
0.0725251 229
0.0729557 230
0.0733871 231
0.073819 232
0.0742509 233
0.074683 234
0.0751154 235
0.0755479 236
0.0759808 237
0.0764146 238
0.0768486 239
0.0772828 240
0.0777177 241
0.078153 242
0.0785887 243
0.0790277 244
0.0794671 245
0.0799068 246
0.080349 247
0.0807919 248
0.081236 249
0.0816801 250
0.0821252 251
0.0825738 252
0.0830227 253
0.0834723 254
0.0839222 255
0.0843728 256
0.0848238 257
0.0852776 258
0.0857317 259
0.0861873 260
0.0866431 261
0.0871032 262
0.0875634 263
0.0880239 264
0.0884853 265
0.0889484 266
0.0894119 267
0.0898755 268
0.0903392 269
0.0908035 270
0.0912683 271
0.0917339 272
0.0921996 273
0.0926667 274
0.093134 275
0.0936029 276
0.0940726 277
0.0945423 278
0.095015 279
0.0954882 280
0.0959623 281
0.0964369 282
0.0969136 283
0.0973907 284
0.0978677 285
0.098345 286
0.0988225 287
0.0993002 288
0.0997779 289
0.100256 290
0.100734 291
0.101213 292
0.101693 293
0.102174 294
0.102656 295
0.103139 296
0.103621 297
0.104106 298
0.104591 299
0.105077 300
0.105565 301
0.106054 302
0.106543 303
0.107033 304
0.107527 305
0.108022 306
0.108518 307
0.109015 308
0.109513 309
0.11001 310
0.110507 311
0.111006 312
0.111504 313
0.112004 314
0.112504 315
0.113005 316
0.113511 317
0.114016 318
0.114521 319
0.115027 320
0.115533 321
0.116041 322
0.116549 323
0.117058 324
0.117566 325
0.118075 326
0.118584 327
0.119093 328
0.119603 329
0.120113 330
0.120623 331
0.121134 332
0.121645 333
0.122157 334
0.122673 335
0.123188 336
0.123706 337
0.124226 338
0.124745 339
0.125266 340
0.125786 341
0.126307 342
0.126829 343
0.127351 344
0.127873 345
0.128399 346
0.128926 347
0.129453 348
0.129983 349
0.130514 350
0.131047 351
0.131583 352
0.132121 353
0.132659 354
0.133198 355
0.133737 356
0.134277 357
0.134819 358
0.135367 359
0.135916 360
0.136465 361
0.137015 362
0.137565 363
0.138115 364
0.138665 365
0.139217 366
0.13977 367
0.140324 368
0.140879 369
0.141436 370
0.141993 371
0.142555 372
0.143122 373
0.143692 374
0.144267 375
0.144843 376
0.14542 377
0.145999 378
0.146579 379
0.147161 380
0.147742 381
0.148326 382
0.14891 383
0.149496 384
0.150083 385
0.15067 386
0.151257 387
0.151846 388
0.152434 389
0.153026 390
0.153621 391
0.154217 392
0.154816 393
0.155415 394
0.156015 395
0.156616 396
0.157217 397
0.157822 398
0.158428 399
0.159033 400
0.15964 401
0.16025 402
0.16086 403
0.161474 404
0.162089 405
0.162708 406
0.163327 407
0.163948 408
0.164571 409
0.165197 410
0.165825 411
0.166453 412
0.167081 413
0.167711 414
0.168342 415
0.168973 416
0.169605 417
0.170238 418
0.170872 419
0.171506 420
0.172142 421
0.172777 422
0.173412 423
0.174048 424
0.174685 425
0.175321 426
0.175958 427
0.176596 428
0.177234 429
0.177873 430
0.178513 431
0.179153 432
0.179793 433
0.180434 434
0.181075 435
0.181719 436
0.182365 437
0.183011 438
0.183657 439
0.184304 440
0.18495 441
0.185599 442
0.186248 443
0.186898 444
0.187547 445
0.188198 446
0.18885 447
0.189503 448
0.190156 449
0.190809 450
0.191463 451
0.192118 452
0.192773 453
0.193429 454
0.194085 455
0.194743 456
0.195402 457
0.196061 458
0.196721 459
0.197381 460
0.198043 461
0.198705 462
0.199369 463
0.200034 464
0.2007 465
0.201367 466
0.202034 467
0.202702 468
0.20337 469
0.20404 470
0.204713 471
0.205385 472
0.206059 473
0.206733 474
0.207408 475
0.208083 476
0.208759 477
0.209437 478
0.210115 479
0.210794 480
0.211474 481
0.212153 482
0.212834 483
0.213514 484
0.214195 485
0.214877 486
0.215561 487
0.216245 488
0.21693 489
0.217615 490
0.218302 491
0.218988 492
0.219678 493
0.220368 494
0.221058 495
0.22175 496
0.222442 497
0.223135 498
0.223828 499
0.224521 500
0.225214 501
0.22591 502
0.226607 503
0.227305 504
0.228005 505
0.228707 506
0.229411 507
0.230115 508
0.230821 509
0.231527 510
0.232235 511
0.232943 512
0.233653 513
0.234365 514
0.235078 515
0.235794 516
0.23651 517
0.237228 518
0.237946 519
0.238664 520
0.239383 521
0.240103 522
0.240827 523
0.241551 524
0.242277 525
0.243004 526
0.243732 527
0.24446 528
0.24519 529
0.245921 530
0.246652 531
0.247384 532
0.248117 533
0.248849 534
0.249583 535
0.250317 536
0.251052 537
0.251787 538
0.252523 539
0.253258 540
0.253998 541
0.254741 542
0.255484 543
0.256228 544
0.256974 545
0.25772 546
0.258468 547
0.259219 548
0.259969 549
0.260726 550
0.261482 551
0.262242 552
0.263005 553
0.263771 554
0.264539 555
0.265307 556
0.266077 557
0.266848 558
0.26762 559
0.268392 560
0.269167 561
0.269943 562
0.270722 563
0.271502 564
0.272285 565
0.273068 566
0.273852 567
0.274638 568
0.275424 569
0.276213 570
0.277002 571
0.277792 572
0.278581 573
0.279372 574
0.280164 575
0.280958 576
0.281753 577
0.282551 578
0.28335 579
0.28415 580
0.284951 581
0.285752 582
0.286553 583
0.287356 584
0.288164 585
0.288973 586
0.289782 587
0.290593 588
0.291405 589
0.292221 590
0.293039 591
0.293857 592
0.294675 593
0.295496 594
0.296317 595
0.297138 596
0.297962 597
0.298786 598
0.299614 599
0.300443 600
0.301273 601
0.302104 602
0.302935 603
0.303767 604
0.304598 605
0.30543 606
0.306264 607
0.307098 608
0.307935 609
0.308773 610
0.309611 611
0.310449 612
0.311289 613
0.312131 614
0.312972 615
0.313814 616
0.314657 617
0.315501 618
0.316346 619
0.317192 620
0.318039 621
0.318887 622
0.319738 623
0.32059 624
0.321442 625
0.322295 626
0.323149 627
0.324004 628
0.324859 629
0.325716 630
0.326572 631
0.327431 632
0.328291 633
0.329152 634
0.330014 635
0.330876 636
0.331738 637
0.332601 638
0.333464 639
0.334328 640
0.335194 641
0.336065 642
0.336937 643
0.337809 644
0.338682 645
0.339556 646
0.34043 647
0.341304 648
0.342179 649
0.343054 650
0.343931 651
0.344808 652
0.345688 653
0.346569 654
0.347451 655
0.348333 656
0.349219 657
0.350106 658
0.350995 659
0.351884 660
0.352775 661
0.353666 662
0.35456 663
0.355456 664
0.356353 665
0.357251 666
0.358149 667
0.359049 668
0.35995 669
0.36085 670
0.361753 671
0.362657 672
0.363563 673
0.364469 674
0.365378 675
0.366287 676
0.367198 677
0.368111 678
0.369029 679
0.369948 680
0.370869 681
0.371789 682
0.372714 683
0.373642 684
0.374571 685
0.375499 686
0.376428 687
0.377357 688
0.37829 689
0.379225 690
0.380161 691
0.381098 692
0.382034 693
0.382971 694
0.38391 695
0.38485 696
0.385789 697
0.38673 698
0.387672 699
0.388614 700
0.389557 701
0.390504 702
0.39145 703
0.392398 704
0.393346 705
0.394295 706
0.395245 707
0.396197 708
0.397151 709
0.398106 710
0.399063 711
0.400019 712
0.400979 713
0.401943 714
0.402907 715
0.403871 716
0.404839 717
0.40581 718
0.406782 719
0.407754 720
0.408728 721
0.409702 722
0.410685 723
0.411669 724
0.412654 725
0.413645 726
0.414637 727
0.415634 728
0.416632 729
0.417631 730
0.418631 731
0.419631 732
0.420632 733
0.421633 734
0.422635 735
0.423637 736
0.424639 737
0.425642 738
0.426645 739
0.427648 740
0.428651 741
0.429655 742
0.430662 743
0.43167 744
0.432677 745
0.433686 746
0.434696 747
0.435708 748
0.436719 749
0.437731 750
0.438749 751
0.439767 752
0.440787 753
0.441809 754
0.442833 755
0.443858 756
0.444883 757
0.445911 758
0.44694 759
0.44797 760
0.449001 761
0.450032 762
0.451065 763
0.452099 764
0.453133 765
0.454167 766
0.455203 767
0.45624 768
0.45728 769
0.458321 770
0.459362 771
0.460403 772
0.461445 773
0.462488 774
0.463532 775
0.464577 776
0.465624 777
0.466671 778
0.467719 779
0.468767 780
0.469816 781
0.470866 782
0.471915 783
0.472965 784
0.474015 785
0.475067 786
0.47612 787
0.477173 788
0.478227 789
0.479281 790
0.480336 791
0.481392 792
0.482448 793
0.483505 794
0.484563 795
0.485621 796
0.486679 797
0.487737 798
0.488796 799
0.489856 800
0.490918 801
0.491979 802
0.493041 803
0.494105 804
0.495169 805
0.496236 806
0.497302 807
0.49837 808
0.49944 809
0.500511 810
0.501582 811
0.502654 812
0.503727 813
0.504802 814
0.505876 815
0.506953 816
0.50803 817
0.509108 818
0.510186 819
0.511265 820
0.512346 821
0.513427 822
0.514509 823
0.515592 824
0.516676 825
0.517763 826
0.518849 827
0.519939 828
0.521031 829
0.522124 830
0.523219 831
0.524313 832
0.525408 833
0.526506 834
0.527603 835
0.528702 836
0.529802 837
0.530904 838
0.532009 839
0.533116 840
0.534223 841
0.535332 842
0.53644 843
0.53755 844
0.53866 845
0.539771 846
0.540883 847
0.541995 848
0.543109 849
0.544223 850
0.545338 851
0.546452 852
0.547567 853
0.548683 854
0.549801 855
0.55092 856
0.552039 857
0.553159 858
0.55428 859
0.555404 860
0.556531 861
0.557659 862
0.558788 863
0.559918 864
0.561048 865
0.562179 866
0.563311 867
0.564442 868
0.565576 869
0.566713 870
0.567853 871
0.568993 872
0.570134 873
0.571278 874
0.572424 875
0.573572 876
0.574721 877
0.575877 878
0.577038 879
0.578199 880
0.57936 881
0.580525 882
0.581691 883
0.582858 884
0.584025 885
0.585197 886
0.586371 887
0.587544 888
0.588722 889
0.589902 890
0.591086 891
0.592271 892
0.593457 893
0.594645 894
0.595836 895
0.597033 896
0.598231 897
0.59943 898
0.600634 899
0.601845 900
0.603059 901
0.604274 902
0.605495 903
0.606718 904
0.607944 905
0.609172 906
0.610401 907
0.61163 908
0.61286 909
0.614091 910
0.615323 911
0.616556 912
0.617793 913
0.619029 914
0.620267 915
0.621506 916
0.622746 917
0.623987 918
0.625229 919
0.626471 920
0.627715 921
0.628959 922
0.630205 923
0.631453 924
0.632701 925
0.633951 926
0.635202 927
0.636453 928
0.637705 929
0.638957 930
0.640211 931
0.64147 932
0.642732 933
0.643995 934
0.645259 935
0.646523 936
0.647791 937
0.649058 938
0.650333 939
0.651609 940
0.652886 941
0.654167 942
0.65545 943
0.656733 944
0.658022 945
0.659311 946
0.660602 947
0.661897 948
0.663193 949
0.664491 950
0.66579 951
0.667088 952
0.668387 953
0.669689 954
0.670991 955
0.672293 956
0.673596 957
0.674899 958
0.676202 959
0.677506 960
0.678811 961
0.680116 962
0.681424 963
0.682732 964
0.684043 965
0.685358 966
0.686674 967
0.687991 968
0.68931 969
0.690631 970
0.691953 971
0.693275 972
0.694597 973
0.695919 974
0.697243 975
0.698569 976
0.699895 977
0.701221 978
0.702549 979
0.703877 980
0.705206 981
0.706537 982
0.707875 983
0.709216 984
0.710558 985
0.711905 986
0.713257 987
0.714609 988
0.715962 989
0.717315 990
0.718669 991
0.720025 992
0.721382 993
0.72274 994
0.724099 995
0.72546 996
0.726822 997
0.728187 998
0.729552 999
0.730922 1000
0.732297 1001
0.733673 1002
0.735048 1003
0.736427 1004
0.737806 1005
0.739186 1006
0.740568 1007
0.74195 1008
0.743334 1009
0.74472 1010
0.746107 1011
0.747495 1012
0.748885 1013
0.750276 1014
0.751667 1015
0.753061 1016
0.754456 1017
0.755856 1018
0.757259 1019
0.758665 1020
0.760073 1021
0.761482 1022
0.762891 1023
0.764303 1024
0.765718 1025
0.767135 1026
0.768554 1027
0.769975 1028
0.771397 1029
0.772819 1030
0.774242 1031
0.775667 1032
0.777092 1033
0.778519 1034
0.779947 1035
0.781386 1036
0.78283 1037
0.784277 1038
0.785728 1039
0.787179 1040
0.788631 1041
0.790086 1042
0.791543 1043
0.793001 1044
0.794458 1045
0.795917 1046
0.797379 1047
0.798841 1048
0.800305 1049
0.801771 1050
0.803239 1051
0.804708 1052
0.806178 1053
0.807661 1054
0.809148 1055
0.810641 1056
0.812135 1057
0.813631 1058
0.81513 1059
0.816629 1060
0.818132 1061
0.819639 1062
0.821147 1063
0.822657 1064
0.824168 1065
0.825679 1066
0.827193 1067
0.828708 1068
0.830224 1069
0.831741 1070
0.833259 1071
0.834777 1072
0.836296 1073
0.83782 1074
0.839351 1075
0.840884 1076
0.842418 1077
0.843954 1078
0.845492 1079
0.847031 1080
0.848572 1081
0.850114 1082
0.851656 1083
0.8532 1084
0.854746 1085
0.856293 1086
0.857841 1087
0.859392 1088
0.860949 1089
0.862507 1090
0.864069 1091
0.865636 1092
0.867204 1093
0.868772 1094
0.870342 1095
0.871925 1096
0.873509 1097
0.875093 1098
0.87668 1099
0.878267 1100
0.879858 1101
0.88145 1102
0.883047 1103
0.884647 1104
0.886252 1105
0.887859 1106
0.889469 1107
0.891079 1108
0.8927 1109
0.894324 1110
0.895951 1111
0.897579 1112
0.899207 1113
0.90084 1114
0.902473 1115
0.904112 1116
0.90576 1117
0.907407 1118
0.909055 1119
0.910704 1120
0.912352 1121
0.914002 1122
0.915658 1123
0.917316 1124
0.918976 1125
0.920637 1126
0.922298 1127
0.923961 1128
0.925624 1129
0.927289 1130
0.928955 1131
0.930626 1132
0.932309 1133
0.933992 1134
0.935678 1135
0.937372 1136
0.93907 1137
0.940771 1138
0.942476 1139
0.944187 1140
0.945902 1141
0.947617 1142
0.949338 1143
0.95106 1144
0.952782 1145
0.954507 1146
0.956239 1147
0.957983 1148
0.959727 1149
0.961479 1150
0.963232 1151
0.964988 1152
0.966745 1153
0.968502 1154
0.970262 1155
0.972031 1156
0.973807 1157
0.975585 1158
0.977363 1159
0.979143 1160
0.980923 1161
0.982704 1162
0.984486 1163
0.986269 1164
0.988053 1165
0.989837 1166
0.991625 1167
0.993413 1168
0.995216 1169
0.99704 1170
0.998864 1171
1.00069 1172
1.00252 1173
1.00435 1174
1.00618 1175
1.00801 1176
1.00984 1177
1.01167 1178
1.01352 1179
1.01537 1180
1.01722 1181
1.01908 1182
1.02096 1183
1.02283 1184
1.02471 1185
1.02659 1186
1.02849 1187
1.03039 1188
1.03229 1189
1.0342 1190
1.03612 1191
1.03804 1192
1.03996 1193
1.04189 1194
1.04382 1195
1.04575 1196
1.04768 1197
1.04962 1198
1.05155 1199
1.05349 1200
1.05543 1201
1.05737 1202
1.05931 1203
1.06125 1204
1.06321 1205
1.06517 1206
1.06714 1207
1.06911 1208
1.07108 1209
1.07306 1210
1.07503 1211
1.07701 1212
1.07898 1213
1.08097 1214
1.08295 1215
1.08494 1216
1.08693 1217
1.08893 1218
1.09093 1219
1.09294 1220
1.09496 1221
1.09697 1222
1.09899 1223
1.10102 1224
1.10305 1225
1.10508 1226
1.10711 1227
1.10914 1228
1.11117 1229
1.11321 1230
1.11526 1231
1.11731 1232
1.11936 1233
1.12142 1234
1.12348 1235
1.12555 1236
1.12762 1237
1.12969 1238
1.13179 1239
1.13389 1240
1.13599 1241
1.1381 1242
1.14021 1243
1.14232 1244
1.14443 1245
1.14656 1246
1.14869 1247
1.15083 1248
1.15296 1249
1.1551 1250
1.15725 1251
1.1594 1252
1.16157 1253
1.16374 1254
1.16591 1255
1.16809 1256
1.17026 1257
1.17244 1258
1.17463 1259
1.17682 1260
1.17901 1261
1.1812 1262
1.18339 1263
1.18558 1264
1.18778 1265
1.18999 1266
1.19219 1267
1.1944 1268
1.19661 1269
1.19882 1270
1.20104 1271
1.20327 1272
1.20549 1273
1.20772 1274
1.20996 1275
1.2122 1276
1.21445 1277
1.21672 1278
1.219 1279
1.22128 1280
1.22357 1281
1.22585 1282
1.22814 1283
1.23043 1284
1.23274 1285
1.23504 1286
1.23735 1287
1.23966 1288
1.24197 1289
1.24429 1290
1.2466 1291
1.24893 1292
1.25125 1293
1.25358 1294
1.2559 1295
1.25823 1296
1.26056 1297
1.2629 1298
1.26523 1299
1.26758 1300
1.26993 1301
1.27229 1302
1.27465 1303
1.277 1304
1.27937 1305
1.28173 1306
1.28411 1307
1.28649 1308
1.28888 1309
1.29128 1310
1.2937 1311
1.29612 1312
1.29855 1313
1.30099 1314
1.30342 1315
1.30587 1316
1.30832 1317
1.31078 1318
1.31324 1319
1.3157 1320
1.31818 1321
1.32065 1322
1.32313 1323
1.32561 1324
1.3281 1325
1.3306 1326
1.33309 1327
1.33559 1328
1.3381 1329
1.34062 1330
1.34315 1331
1.34568 1332
1.34823 1333
1.35078 1334
1.35333 1335
1.3559 1336
1.35848 1337
1.36107 1338
1.36367 1339
1.36629 1340
1.36891 1341
1.37154 1342
1.37418 1343
1.37681 1344
1.37945 1345
1.38209 1346
1.38473 1347
1.38737 1348
1.39002 1349
1.39267 1350
1.39534 1351
1.39803 1352
1.40073 1353
1.40345 1354
1.40618 1355
1.40892 1356
1.41167 1357
1.41442 1358
1.41717 1359
1.41993 1360
1.4227 1361
1.42548 1362
1.42826 1363
1.43105 1364
1.43385 1365
1.43665 1366
1.43946 1367
1.44229 1368
1.44512 1369
1.44795 1370
1.45079 1371
1.45366 1372
1.45653 1373
1.45942 1374
1.46231 1375
1.46523 1376
1.46815 1377
1.47107 1378
1.474 1379
1.47694 1380
1.47993 1381
1.48291 1382
1.4859 1383
1.48889 1384
1.49188 1385
1.4949 1386
1.49792 1387
1.50097 1388
1.50403 1389
1.50709 1390
1.51016 1391
1.51322 1392
1.51629 1393
1.51935 1394
1.52242 1395
1.52549 1396
1.52857 1397
1.53165 1398
1.53474 1399
1.53783 1400
1.54094 1401
1.54404 1402
1.54716 1403
1.55029 1404
1.55342 1405
1.55656 1406
1.55971 1407
1.56289 1408
1.56609 1409
1.56931 1410
1.57252 1411
1.57575 1412
1.57899 1413
1.58223 1414
1.58548 1415
1.58873 1416
1.59198 1417
1.59524 1418
1.59851 1419
1.60179 1420
1.60509 1421
1.60838 1422
1.61169 1423
1.615 1424
1.61832 1425
1.62164 1426
1.62497 1427
1.62833 1428
1.6317 1429
1.63508 1430
1.63845 1431
1.64183 1432
1.64522 1433
1.64861 1434
1.65201 1435
1.65542 1436
1.65884 1437
1.66226 1438
1.6657 1439
1.66913 1440
1.67257 1441
1.67601 1442
1.67946 1443
1.68291 1444
1.68637 1445
1.68985 1446
1.69334 1447
1.69687 1448
1.7004 1449
1.70393 1450
1.70747 1451
1.71101 1452
1.71455 1453
1.71811 1454
1.72167 1455
1.72524 1456
1.72881 1457
1.73239 1458
1.73599 1459
1.73959 1460
1.74322 1461
1.74687 1462
1.75052 1463
1.75418 1464
1.75784 1465
1.76151 1466
1.76518 1467
1.76885 1468
1.77253 1469
1.77623 1470
1.77994 1471
1.78365 1472
1.78737 1473
1.79108 1474
1.79482 1475
1.79857 1476
1.80233 1477
1.8061 1478
1.80988 1479
1.81367 1480
1.81746 1481
1.82126 1482
1.82508 1483
1.82892 1484
1.83277 1485
1.83662 1486
1.84048 1487
1.84436 1488
1.84824 1489
1.85212 1490
1.85602 1491
1.85992 1492
1.86382 1493
1.86774 1494
1.87166 1495
1.87561 1496
1.87957 1497
1.88356 1498
1.88754 1499
1.89154 1500
1.89554 1501
1.89954 1502
1.90354 1503
1.90754 1504
1.91156 1505
1.91558 1506
1.91961 1507
1.92368 1508
1.92776 1509
1.93185 1510
1.93595 1511
1.94006 1512
1.94419 1513
1.94837 1514
1.95255 1515
1.95674 1516
1.96093 1517
1.96514 1518
1.96937 1519
1.97361 1520
1.97786 1521
1.98212 1522
1.98638 1523
1.99065 1524
1.99494 1525
1.99928 1526
2.00365 1527
2.00808 1528
2.01254 1529
2.01702 1530
2.0215 1531
2.02601 1532
2.03055 1533
2.03511 1534
2.03968 1535
2.0443 1536
2.04898 1537
2.05367 1538
2.05838 1539
2.06309 1540
2.06782 1541
2.07259 1542
2.07737 1543
2.08217 1544
2.087 1545
2.0919 1546
2.09679 1547
2.10175 1548
2.10673 1549
2.11171 1550
2.11669 1551
2.12168 1552
2.12667 1553
2.13167 1554
2.13669 1555
2.14171 1556
2.14677 1557
2.15184 1558
2.15693 1559
2.16202 1560
2.16715 1561
2.17228 1562
2.17741 1563
2.1826 1564
2.1878 1565
2.19306 1566
2.19835 1567
2.20363 1568
2.20895 1569
2.21427 1570
2.21965 1571
2.22503 1572
2.23042 1573
2.23591 1574
2.2414 1575
2.2469 1576
2.25241 1577
2.25795 1578
2.26349 1579
2.26905 1580
2.27462 1581
2.28019 1582
2.28577 1583
2.29134 1584
2.29696 1585
2.30261 1586
2.30827 1587
2.31396 1588
2.31965 1589
2.32536 1590
2.33107 1591
2.33681 1592
2.34255 1593
2.34833 1594
2.35417 1595
2.36002 1596
2.36587 1597
2.37173 1598
2.37762 1599
2.38352 1600
2.38952 1601
2.39552 1602
2.40152 1603
2.40754 1604
2.41364 1605
2.41974 1606
2.42586 1607
2.43205 1608
2.43825 1609
2.4445 1610
2.45076 1611
2.45706 1612
2.46338 1613
2.46978 1614
2.47617 1615
2.48257 1616
2.48898 1617
2.49551 1618
2.50214 1619
2.50879 1620
2.51551 1621
2.52224 1622
2.52899 1623
2.53575 1624
2.54252 1625
2.5493 1626
2.55607 1627
2.56286 1628
2.56974 1629
2.57664 1630
2.58358 1631
2.59054 1632
2.5975 1633
2.60449 1634
2.6115 1635
2.61853 1636
2.62558 1637
2.63269 1638
2.63983 1639
2.647 1640
2.65422 1641
2.66149 1642
2.66878 1643
2.67607 1644
2.68343 1645
2.69079 1646
2.6982 1647
2.70563 1648
2.71307 1649
2.72057 1650
2.72809 1651
2.73563 1652
2.74317 1653
2.75075 1654
2.75837 1655
2.76601 1656
2.77365 1657
2.78135 1658
2.78905 1659
2.79678 1660
2.80456 1661
2.81238 1662
2.82023 1663
2.8281 1664
2.83598 1665
2.84389 1666
2.85186 1667
2.85997 1668
2.86808 1669
2.8763 1670
2.88465 1671
2.89303 1672
2.90154 1673
2.91005 1674
2.91857 1675
2.9271 1676
2.93583 1677
2.94458 1678
2.95337 1679
2.96218 1680
2.97112 1681
2.98012 1682
2.98915 1683
2.99818 1684
3.00735 1685
3.01654 1686
3.02576 1687
3.03498 1688
3.04426 1689
3.0536 1690
3.063 1691
3.07244 1692
3.08198 1693
3.09154 1694
3.10113 1695
3.1108 1696
3.12053 1697
3.13029 1698
3.14008 1699
3.14997 1700
3.15987 1701
3.16985 1702
3.17985 1703
3.19016 1704
3.20061 1705
3.2112 1706
3.22185 1707
3.23257 1708
3.24331 1709
3.25416 1710
3.26541 1711
3.27673 1712
3.28817 1713
3.2997 1714
3.31129 1715
3.32287 1716
3.33455 1717
3.34624 1718
3.35797 1719
3.36983 1720
3.38172 1721
3.39361 1722
3.40566 1723
3.41785 1724
3.43025 1725
3.44274 1726
3.45606 1727
3.46992 1728
3.48421 1729
3.49876 1730
3.51349 1731
3.52923 1732
3.54529 1733
3.56138 1734
3.57765 1735
3.59415 1736
3.61072 1737
3.6274 1738
3.64502 1739
3.66466 1740
3.68656 1741
3.72143 1742
3.75666 1743
3.79381 1744
3.83217 1745
3.91668 1746
4.00156 1747
4.08646 1748
4.1715 1749
4.25656 1750
4.34234 1751
4.42815 1752
4.51398 1753
4.59984 1754
4.68575 1755
4.77177 1756
4.85823 1757
4.9448 1758
5.03142 1759
5.11835 1760
5.20541 1761
5.29252 1762
5.37972 1763
5.46723 1764
5.55489 1765
5.64274 1766
5.73068 1767
5.81865 1768
5.90663 1769
5.99469 1770
6.08278 1771
6.17087 1772
6.25909 1773
6.34737 1774
6.43574 1775
6.5241 1776
6.61267 1777
6.70126 1778
6.78985 1779
6.87846 1780
6.9671 1781
7.05574 1782
7.1444 1783
7.23313 1784
7.32187 1785
7.41061 1786
7.49943 1787
7.58825 1788
7.6771 1789
7.76597 1790
7.85487 1791
7.94384 1792
8.03297 1793
8.1221 1794
8.2114 1795
8.30071 1796
8.39003 1797
8.47939 1798
8.56875 1799
8.65811 1800
8.74756 1801
8.83701 1802
8.92651 1803
9.01604 1804
9.10558 1805
9.19517 1806
9.28475 1807
9.37436 1808
9.46401 1809
9.55369 1810
9.64338 1811
9.73307 1812
9.82278 1813
9.91248 1814
10.0022 1815
10.0919 1816
10.1817 1817
10.2714 1818
10.3612 1819
10.451 1820
10.5408 1821
10.6306 1822
10.7204 1823
10.8103 1824
10.9001 1825
10.99 1826
11.0798 1827
11.1697 1828
11.2596 1829
11.3494 1830
11.4393 1831
11.5292 1832
11.6191 1833
11.7091 1834
11.799 1835
11.8889 1836
11.9789 1837
12.0689 1838
12.1589 1839
12.249 1840
12.3391 1841
12.4292 1842
12.5193 1843
12.6095 1844
12.6996 1845
12.7898 1846
12.88 1847
12.9702 1848
13.0605 1849
13.1508 1850
13.2411 1851
13.3315 1852
13.4218 1853
13.5122 1854
13.6026 1855
13.693 1856
13.7834 1857
13.8738 1858
13.9642 1859
14.0546 1860
14.145 1861
14.2354 1862
14.3259 1863
14.4163 1864
14.5068 1865
14.5973 1866
14.6877 1867
14.7782 1868
14.8687 1869
14.9592 1870
15.0498 1871
15.1403 1872
15.2309 1873
15.3214 1874
15.412 1875
15.5026 1876
15.5932 1877
15.6839 1878
15.7745 1879
15.8652 1880
15.9558 1881
16.0465 1882
16.1372 1883
16.2278 1884
16.3186 1885
16.4093 1886
16.5 1887
16.5908 1888
16.6815 1889
16.7723 1890
16.863 1891
16.9538 1892
17.0446 1893
17.1353 1894
17.2262 1895
17.317 1896
17.4079 1897
17.4987 1898
17.5896 1899
17.6804 1900
17.7713 1901
17.8622 1902
17.9531 1903
18.044 1904
18.135 1905
18.226 1906
18.317 1907
18.408 1908
18.499 1909
18.5901 1910
18.6811 1911
18.7722 1912
18.8633 1913
18.9544 1914
19.0455 1915
19.1366 1916
19.2277 1917
19.3189 1918
19.41 1919
19.5012 1920
19.5924 1921
19.6836 1922
19.7748 1923
19.866 1924
19.9572 1925
20.0485 1926
20.1397 1927
20.231 1928
20.3223 1929
20.4136 1930
20.5049 1931
20.5962 1932
20.6875 1933
20.7788 1934
20.8702 1935
20.9616 1936
21.0529 1937
21.1443 1938
21.2358 1939
21.3272 1940
21.4186 1941
21.5101 1942
21.6015 1943
21.693 1944
21.7845 1945
21.876 1946
21.9675 1947
22.059 1948
22.1505 1949
22.242 1950
22.3336 1951
22.4252 1952
22.5167 1953
22.6083 1954
22.6999 1955
22.7915 1956
22.8832 1957
22.9748 1958
23.0664 1959
23.1581 1960
23.2498 1961
23.3414 1962
23.4331 1963
23.5248 1964
23.6165 1965
23.7082 1966
23.7999 1967
23.8916 1968
23.9833 1969
24.0751 1970
24.1668 1971
24.2585 1972
24.3503 1973
24.442 1974
24.5337 1975
24.6255 1976
24.7173 1977
24.809 1978
24.9008 1979
24.9926 1980
25.0844 1981
25.1762 1982
25.2681 1983
25.3599 1984
25.4517 1985
25.5436 1986
25.6354 1987
25.7273 1988
25.8191 1989
25.911 1990
26.0028 1991
26.0947 1992
26.1866 1993
26.2785 1994
26.3704 1995
26.4623 1996
26.5542 1997
26.6461 1998
26.7381 1999
26.83 2000
26.922 2001
27.0139 2002
27.1059 2003
27.1979 2004
27.2899 2005
27.3819 2006
27.4739 2007
27.5659 2008
27.6579 2009
27.75 2010
27.842 2011
27.9341 2012
28.0261 2013
28.1182 2014
28.2103 2015
28.3024 2016
28.3944 2017
28.4865 2018
28.5786 2019
28.6708 2020
28.7629 2021
28.855 2022
28.9471 2023
29.0393 2024
29.1314 2025
29.2236 2026
29.3157 2027
29.4079 2028
29.5001 2029
29.5923 2030
29.6845 2031
29.7767 2032
29.8689 2033
29.9611 2034
30.0534 2035
30.1456 2036
30.2379 2037
30.3301 2038
30.4224 2039
30.5147 2040
30.607 2041
30.6994 2042
30.7917 2043
30.884 2044
30.9763 2045
31.0687 2046
31.161 2047
31.2534 2048
31.3457 2049
31.4381 2050
31.5305 2051
31.6229 2052
31.7153 2053
31.8077 2054
31.9001 2055
31.9925 2056
32.0849 2057
32.1773 2058
32.2697 2059
32.3621 2060
32.4546 2061
32.547 2062
32.6394 2063
32.7319 2064
32.8243 2065
32.9168 2066
33.0092 2067
33.1017 2068
33.1942 2069
33.2867 2070
33.3792 2071
33.4716 2072
33.5641 2073
33.6566 2074
33.7492 2075
33.8417 2076
33.9342 2077
34.0267 2078
34.1193 2079
34.2118 2080
34.3044 2081
34.3969 2082
34.4895 2083
34.5821 2084
34.6747 2085
34.7673 2086
34.8599 2087
34.9525 2088
35.0451 2089
35.1377 2090
35.2304 2091
35.323 2092
35.4156 2093
35.5083 2094
35.6009 2095
35.6936 2096
35.7863 2097
35.8789 2098
35.9716 2099
36.0643 2100
36.157 2101
36.2497 2102
36.3424 2103
36.4351 2104
36.5278 2105
36.6205 2106
36.7132 2107
36.806 2108
36.8987 2109
36.9914 2110
37.0842 2111
37.1769 2112
37.2696 2113
37.3624 2114
37.4551 2115
37.5479 2116
37.6406 2117
37.7334 2118
37.8261 2119
37.9189 2120
38.0117 2121
38.1044 2122
38.1972 2123
38.29 2124
38.3828 2125
38.4756 2126
38.5684 2127
38.6611 2128
38.7539 2129
38.8467 2130
38.9396 2131
39.0324 2132
39.1252 2133
39.218 2134
39.3109 2135
39.4037 2136
39.4966 2137
39.5894 2138
39.6823 2139
39.7751 2140
39.868 2141
39.9609 2142
40.0538 2143
40.1466 2144
40.2395 2145
40.3325 2146
40.4254 2147
40.5183 2148
40.6113 2149
40.7042 2150
40.7972 2151
40.8902 2152
40.9832 2153
41.0761 2154
41.1691 2155
41.2621 2156
41.3551 2157
41.4481 2158
41.5411 2159
41.6341 2160
41.7271 2161
41.8201 2162
41.9132 2163
42.0062 2164
42.0993 2165
42.1923 2166
42.2854 2167
42.3785 2168
42.4716 2169
42.5647 2170
42.6578 2171
42.751 2172
42.8441 2173
42.9372 2174
43.0303 2175
43.1235 2176
43.2166 2177
43.3098 2178
43.4029 2179
43.4961 2180
43.5893 2181
43.6824 2182
43.7756 2183
43.8688 2184
43.962 2185
44.0551 2186
44.1483 2187
44.2415 2188
44.3348 2189
44.428 2190
44.5212 2191
44.6144 2192
44.7076 2193
44.8009 2194
44.8942 2195
44.9874 2196
45.0807 2197
45.174 2198
45.2673 2199
45.3606 2200
45.4539 2201
45.5472 2202
45.6405 2203
45.7338 2204
45.8271 2205
45.9205 2206
46.0139 2207
46.1072 2208
46.2006 2209
46.2939 2210
46.3873 2211
46.4807 2212
46.574 2213
46.6674 2214
46.7608 2215
46.8542 2216
46.9476 2217
47.041 2218
47.1344 2219
47.2278 2220
47.3212 2221
47.4146 2222
47.508 2223
47.6015 2224
47.6949 2225
47.7884 2226
47.8819 2227
47.9754 2228
48.0688 2229
48.1623 2230
48.2558 2231
48.3494 2232
48.4429 2233
48.5364 2234
48.6299 2235
48.7235 2236
48.817 2237
48.9106 2238
49.0041 2239
49.0977 2240
49.1913 2241
49.2849 2242
49.3784 2243
49.472 2244
49.5656 2245
49.6592 2246
49.7528 2247
49.8465 2248
49.9401 2249
50.0337 2250
50.1273 2251
50.221 2252
50.3146 2253
50.4082 2254
50.5019 2255
50.5955 2256
50.6891 2257
50.7828 2258
50.8764 2259
50.9701 2260
51.0637 2261
51.1574 2262
51.251 2263
51.3447 2264
51.4384 2265
51.5321 2266
51.6257 2267
51.7194 2268
51.8131 2269
51.9068 2270
52.0005 2271
52.0942 2272
52.1879 2273
52.2816 2274
52.3753 2275
52.469 2276
52.5627 2277
52.6565 2278
52.7502 2279
52.8439 2280
52.9377 2281
53.0314 2282
53.1252 2283
53.219 2284
53.3127 2285
53.4065 2286
53.5003 2287
53.594 2288
53.6878 2289
53.7816 2290
53.8754 2291
53.9692 2292
54.063 2293
54.1569 2294
54.2507 2295
54.3445 2296
54.4384 2297
54.5323 2298
54.6261 2299
54.72 2300
54.8139 2301
54.9078 2302
55.0017 2303
55.0957 2304
55.1896 2305
55.2836 2306
55.3776 2307
55.4716 2308
55.5655 2309
55.6595 2310
55.7535 2311
55.8475 2312
55.9416 2313
56.0356 2314
56.1296 2315
56.2236 2316
56.3177 2317
56.4117 2318
56.5057 2319
56.5997 2320
56.6938 2321
56.7878 2322
56.8819 2323
56.976 2324
57.07 2325
57.1641 2326
57.2582 2327
57.3522 2328
57.4463 2329
57.5404 2330
57.6345 2331
57.7286 2332
57.8227 2333
57.9168 2334
58.011 2335
58.1051 2336
58.1993 2337
58.2934 2338
58.3876 2339
58.4817 2340
58.5759 2341
58.67 2342
58.7642 2343
58.8584 2344
58.9526 2345
59.0467 2346
59.1409 2347
59.2351 2348
59.3293 2349
59.4235 2350
59.5177 2351
59.612 2352
59.7062 2353
59.8004 2354
59.8946 2355
59.9889 2356
60.0831 2357
60.1774 2358
60.2716 2359
60.3659 2360
60.4602 2361
60.5544 2362
60.6487 2363
60.743 2364
60.8373 2365
60.9316 2366
61.0259 2367
61.1203 2368
61.2146 2369
61.3089 2370
61.4032 2371
61.4976 2372
61.5919 2373
61.6862 2374
61.7806 2375
61.875 2376
61.9693 2377
62.0637 2378
62.1581 2379
62.2524 2380
62.3468 2381
62.4412 2382
62.5357 2383
62.6301 2384
62.7245 2385
62.819 2386
62.9134 2387
63.0079 2388
63.1023 2389
63.1968 2390
63.2912 2391
63.3857 2392
63.4802 2393
63.5746 2394
63.6691 2395
63.7636 2396
63.8581 2397
63.9526 2398
64.0471 2399
64.1416 2400
64.2361 2401
64.3306 2402
64.4251 2403
64.5197 2404
64.6142 2405
64.7088 2406
64.8033 2407
64.8979 2408
64.9925 2409
65.0871 2410
65.1817 2411
65.2763 2412
65.3709 2413
65.4655 2414
65.5602 2415
65.6548 2416
65.7494 2417
65.8441 2418
65.9387 2419
66.0334 2420
66.128 2421
66.2227 2422
66.3174 2423
66.4121 2424
66.5068 2425
66.6015 2426
66.6962 2427
66.791 2428
66.8857 2429
66.9805 2430
67.0753 2431
67.17 2432
67.2648 2433
67.3596 2434
67.4544 2435
67.5492 2436
67.644 2437
67.7387 2438
67.8335 2439
67.9283 2440
68.0232 2441
68.118 2442
68.2128 2443
68.3076 2444
68.4024 2445
68.4973 2446
68.5921 2447
68.6869 2448
68.7818 2449
68.8767 2450
68.9716 2451
69.0665 2452
69.1614 2453
69.2563 2454
69.3512 2455
69.4461 2456
69.541 2457
69.6359 2458
69.7309 2459
69.8258 2460
69.9208 2461
70.0157 2462
70.1107 2463
70.2057 2464
70.3006 2465
70.3956 2466
70.4905 2467
70.5855 2468
70.6805 2469
70.7755 2470
70.8705 2471
70.9655 2472
71.0605 2473
71.1555 2474
71.2505 2475
71.3455 2476
71.4406 2477
71.5356 2478
71.6307 2479
71.7257 2480
71.8207 2481
71.9158 2482
72.0108 2483
72.1059 2484
72.201 2485
72.2961 2486
72.3911 2487
72.4862 2488
72.5814 2489
72.6765 2490
72.7716 2491
72.8667 2492
72.9619 2493
73.057 2494
73.1522 2495
73.2473 2496
73.3425 2497
73.4376 2498
73.5328 2499
73.628 2500
73.7231 2501
73.8183 2502
73.9135 2503
74.0087 2504
74.1038 2505
74.199 2506
74.2942 2507
74.3894 2508
74.4846 2509
74.5798 2510
74.675 2511
74.7703 2512
74.8655 2513
74.9607 2514
75.056 2515
75.1512 2516
75.2464 2517
75.3417 2518
75.4369 2519
75.5322 2520
75.6274 2521
75.7227 2522
75.8179 2523
75.9132 2524
76.0085 2525
76.1038 2526
76.199 2527
76.2943 2528
76.3896 2529
76.4849 2530
76.5802 2531
76.6755 2532
76.7708 2533
76.8661 2534
76.9614 2535
77.0568 2536
77.1521 2537
77.2474 2538
77.3428 2539
77.4381 2540
77.5335 2541
77.6289 2542
77.7242 2543
77.8196 2544
77.915 2545
78.0104 2546
78.1058 2547
78.2012 2548
78.2966 2549
78.392 2550
78.4874 2551
78.5829 2552
78.6783 2553
78.7737 2554
78.8691 2555
78.9646 2556
79.06 2557
79.1554 2558
79.2509 2559
79.3463 2560
79.4418 2561
79.5372 2562
79.6327 2563
79.7281 2564
79.8237 2565
79.9192 2566
80.0147 2567
80.1103 2568
80.2058 2569
80.3014 2570
80.397 2571
80.4925 2572
80.5881 2573
80.6837 2574
80.7792 2575
80.8748 2576
80.9704 2577
81.066 2578
81.1616 2579
81.2572 2580
81.3528 2581
81.4485 2582
81.5441 2583
81.6397 2584
81.7354 2585
81.831 2586
81.9267 2587
82.0223 2588
82.118 2589
82.2137 2590
82.3094 2591
82.405 2592
82.5007 2593
82.5964 2594
82.6921 2595
82.7878 2596
82.8835 2597
82.9793 2598
83.075 2599
83.1707 2600
83.2664 2601
83.3622 2602
83.4579 2603
83.5537 2604
83.6494 2605
83.7452 2606
83.8409 2607
83.9367 2608
84.0325 2609
84.1283 2610
84.224 2611
84.3198 2612
84.4156 2613
84.5114 2614
84.6072 2615
84.703 2616
84.7988 2617
84.8945 2618
84.9903 2619
85.0861 2620
85.182 2621
85.2778 2622
85.3736 2623
85.4695 2624
85.5653 2625
85.6611 2626
85.7569 2627
85.8528 2628
85.9486 2629
86.0445 2630
86.1403 2631
86.2362 2632
86.332 2633
86.4279 2634
86.5237 2635
86.6196 2636
86.7155 2637
86.8113 2638
86.9072 2639
87.0031 2640
87.099 2641
87.1949 2642
87.2908 2643
87.3867 2644
87.4826 2645
87.5785 2646
87.6744 2647
87.7703 2648
87.8662 2649
87.9621 2650
88.0581 2651
88.154 2652
88.25 2653
88.3459 2654
88.4418 2655
88.5378 2656
88.6338 2657
88.7297 2658
88.8257 2659
88.9217 2660
89.0176 2661
89.1136 2662
89.2096 2663
89.3055 2664
89.4015 2665
89.4975 2666
89.5935 2667
89.6895 2668
89.7855 2669
89.8815 2670
89.9776 2671
90.0736 2672
90.1696 2673
90.2657 2674
90.3617 2675
90.4578 2676
90.5538 2677
90.6499 2678
90.746 2679
90.842 2680
90.9381 2681
91.0342 2682
91.1303 2683
91.2264 2684
91.3225 2685
91.4186 2686
91.5147 2687
91.6108 2688
91.707 2689
91.8031 2690
91.8993 2691
91.9954 2692
92.0916 2693
92.1878 2694
92.284 2695
92.3801 2696
92.4763 2697
92.5725 2698
92.6688 2699
92.765 2700
92.8612 2701
92.9574 2702
93.0537 2703
93.1499 2704
93.2462 2705
93.3424 2706
93.4387 2707
93.5349 2708
93.6312 2709
93.7274 2710
93.8237 2711
93.92 2712
94.0163 2713
94.1126 2714
94.2089 2715
94.3052 2716
94.4015 2717
94.4979 2718
94.5942 2719
94.6906 2720
94.7869 2721
94.8833 2722
94.9797 2723
95.0761 2724
95.1725 2725
95.2688 2726
95.3652 2727
95.4616 2728
95.558 2729
95.6544 2730
95.7508 2731
95.8473 2732
95.9437 2733
96.0401 2734
96.1365 2735
96.233 2736
96.3295 2737
96.4259 2738
96.5224 2739
96.6189 2740
96.7154 2741
96.8118 2742
96.9083 2743
97.0048 2744
97.1013 2745
97.1978 2746
97.2943 2747
97.3908 2748
97.4873 2749
97.5839 2750
97.6804 2751
97.7769 2752
97.8735 2753
97.97 2754
98.0666 2755
98.1631 2756
98.2597 2757
98.3563 2758
98.4529 2759
98.5494 2760
98.646 2761
98.7426 2762
98.8393 2763
98.9359 2764
99.0325 2765
99.1291 2766
99.2258 2767
99.3224 2768
99.4191 2769
99.5157 2770
99.6124 2771
99.7091 2772
99.8058 2773
99.9025 2774
99.9992 2775
100.096 2776
100.193 2777
100.289 2778
100.386 2779
100.483 2780
100.579 2781
100.676 2782
100.773 2783
100.87 2784
100.966 2785
101.063 2786
101.16 2787
101.257 2788
101.353 2789
101.45 2790
101.547 2791
101.644 2792
101.741 2793
101.837 2794
101.934 2795
102.031 2796
102.128 2797
102.225 2798
102.321 2799
102.418 2800
102.515 2801
102.612 2802
102.709 2803
102.805 2804
102.902 2805
102.999 2806
103.096 2807
103.193 2808
103.29 2809
103.387 2810
103.484 2811
103.58 2812
103.677 2813
103.774 2814
103.871 2815
103.968 2816
104.065 2817
104.162 2818
104.259 2819
104.356 2820
104.453 2821
104.55 2822
104.647 2823
104.744 2824
104.841 2825
104.938 2826
105.035 2827
105.132 2828
105.229 2829
105.325 2830
105.422 2831
105.519 2832
105.616 2833
105.713 2834
105.81 2835
105.907 2836
106.004 2837
106.101 2838
106.199 2839
106.296 2840
106.393 2841
106.49 2842
106.587 2843
106.684 2844
106.781 2845
106.878 2846
106.975 2847
107.072 2848
107.169 2849
107.266 2850
107.363 2851
107.46 2852
107.557 2853
107.654 2854
107.751 2855
107.848 2856
107.945 2857
108.042 2858
108.14 2859
108.237 2860
108.334 2861
108.431 2862
108.528 2863
108.625 2864
108.722 2865
108.819 2866
108.917 2867
109.014 2868
109.111 2869
109.208 2870
109.305 2871
109.402 2872
109.499 2873
109.597 2874
109.694 2875
109.791 2876
109.888 2877
109.985 2878
110.083 2879
110.18 2880
110.277 2881
110.374 2882
110.472 2883
110.569 2884
110.666 2885
110.763 2886
110.861 2887
110.958 2888
111.055 2889
111.152 2890
111.25 2891
111.347 2892
111.444 2893
111.542 2894
111.639 2895
111.736 2896
111.834 2897
111.931 2898
112.028 2899
112.125 2900
112.223 2901
112.32 2902
112.418 2903
112.515 2904
112.612 2905
112.71 2906
112.807 2907
112.905 2908
113.002 2909
113.099 2910
113.197 2911
113.294 2912
113.392 2913
113.489 2914
113.587 2915
113.684 2916
113.782 2917
113.879 2918
113.977 2919
114.074 2920
114.172 2921
114.269 2922
114.367 2923
114.464 2924
114.562 2925
114.659 2926
114.757 2927
114.854 2928
114.952 2929
115.05 2930
115.147 2931
115.245 2932
115.342 2933
115.44 2934
115.538 2935
115.635 2936
115.733 2937
115.831 2938
115.928 2939
116.026 2940
116.123 2941
116.221 2942
116.319 2943
116.416 2944
116.514 2945
116.612 2946
116.71 2947
116.807 2948
116.905 2949
117.003 2950
117.1 2951
117.198 2952
117.296 2953
117.394 2954
117.491 2955
117.589 2956
117.687 2957
117.785 2958
117.883 2959
117.98 2960
118.078 2961
118.176 2962
118.274 2963
118.372 2964
118.47 2965
118.567 2966
118.665 2967
118.763 2968
118.861 2969
118.959 2970
119.057 2971
119.155 2972
119.252 2973
119.35 2974
119.448 2975
119.546 2976
119.644 2977
119.742 2978
119.84 2979
119.938 2980
120.036 2981
120.134 2982
120.232 2983
120.329 2984
120.427 2985
120.525 2986
120.623 2987
120.721 2988
120.819 2989
120.917 2990
121.015 2991
121.113 2992
121.211 2993
121.309 2994
121.407 2995
121.505 2996
121.603 2997
121.701 2998
121.799 2999
121.897 3000
121.995 3001
122.093 3002
122.191 3003
122.289 3004
122.387 3005
122.485 3006
122.583 3007
122.681 3008
122.779 3009
122.877 3010
122.975 3011
123.074 3012
123.172 3013
123.27 3014
123.368 3015
123.466 3016
123.564 3017
123.662 3018
123.76 3019
123.858 3020
123.957 3021
124.055 3022
124.153 3023
124.251 3024
124.349 3025
124.447 3026
124.546 3027
124.644 3028
124.742 3029
124.84 3030
124.938 3031
125.037 3032
125.135 3033
125.233 3034
125.331 3035
125.43 3036
125.528 3037
125.626 3038
125.724 3039
125.823 3040
125.921 3041
126.019 3042
126.117 3043
126.216 3044
126.314 3045
126.412 3046
126.51 3047
126.609 3048
126.707 3049
126.805 3050
126.904 3051
127.002 3052
127.1 3053
127.199 3054
127.297 3055
127.395 3056
127.494 3057
127.592 3058
127.69 3059
127.789 3060
127.887 3061
127.985 3062
128.084 3063
128.182 3064
128.281 3065
128.379 3066
128.478 3067
128.576 3068
128.674 3069
128.773 3070
128.871 3071
128.97 3072
129.068 3073
129.167 3074
129.265 3075
129.364 3076
129.462 3077
129.561 3078
129.659 3079
129.758 3080
129.856 3081
129.955 3082
130.053 3083
130.152 3084
130.251 3085
130.349 3086
130.448 3087
130.546 3088
130.645 3089
130.743 3090
130.842 3091
130.941 3092
131.039 3093
131.138 3094
131.237 3095
131.335 3096
131.434 3097
131.533 3098
131.631 3099
131.73 3100
131.829 3101
131.927 3102
132.026 3103
132.125 3104
132.224 3105
132.322 3106
132.421 3107
132.52 3108
132.619 3109
132.717 3110
132.816 3111
132.915 3112
133.014 3113
133.112 3114
133.211 3115
133.31 3116
133.409 3117
133.508 3118
133.606 3119
133.705 3120
133.804 3121
133.903 3122
134.002 3123
134.1 3124
134.199 3125
134.298 3126
134.397 3127
134.496 3128
134.595 3129
134.694 3130
134.792 3131
134.891 3132
134.99 3133
135.089 3134
135.188 3135
135.287 3136
135.386 3137
135.485 3138
135.584 3139
135.683 3140
135.781 3141
135.88 3142
135.979 3143
136.078 3144
136.177 3145
136.276 3146
136.375 3147
136.474 3148
136.573 3149
136.672 3150
136.771 3151
136.87 3152
136.969 3153
137.068 3154
137.167 3155
137.266 3156
137.365 3157
137.464 3158
137.563 3159
137.663 3160
137.762 3161
137.861 3162
137.96 3163
138.059 3164
138.158 3165
138.257 3166
138.356 3167
138.456 3168
138.555 3169
138.654 3170
138.753 3171
138.852 3172
138.951 3173
139.051 3174
139.15 3175
139.249 3176
139.348 3177
139.447 3178
139.547 3179
139.646 3180
139.745 3181
139.844 3182
139.943 3183
140.043 3184
140.142 3185
140.241 3186
140.34 3187
140.44 3188
140.539 3189
140.638 3190
140.737 3191
140.837 3192
140.936 3193
141.035 3194
141.134 3195
141.234 3196
141.333 3197
141.432 3198
141.532 3199
141.631 3200
141.73 3201
141.83 3202
141.929 3203
142.029 3204
142.128 3205
142.227 3206
142.327 3207
142.426 3208
142.526 3209
142.625 3210
142.725 3211
142.824 3212
142.924 3213
143.023 3214
143.123 3215
143.222 3216
143.322 3217
143.421 3218
143.521 3219
143.62 3220
143.72 3221
143.819 3222
143.919 3223
144.018 3224
144.118 3225
144.218 3226
144.317 3227
144.417 3228
144.517 3229
144.616 3230
144.716 3231
144.815 3232
144.915 3233
145.015 3234
145.114 3235
145.214 3236
145.314 3237
145.413 3238
145.513 3239
145.613 3240
145.712 3241
145.812 3242
145.912 3243
146.012 3244
146.111 3245
146.211 3246
146.311 3247
146.411 3248
146.51 3249
146.61 3250
146.71 3251
146.81 3252
146.909 3253
147.009 3254
147.109 3255
147.209 3256
147.309 3257
147.408 3258
147.508 3259
147.608 3260
147.708 3261
147.808 3262
147.908 3263
148.007 3264
148.107 3265
148.207 3266
148.307 3267
148.407 3268
148.507 3269
148.607 3270
148.707 3271
148.806 3272
148.906 3273
149.006 3274
149.106 3275
149.206 3276
149.306 3277
149.406 3278
149.506 3279
149.606 3280
149.706 3281
149.806 3282
149.906 3283
150.006 3284
150.106 3285
150.206 3286
150.306 3287
150.406 3288
150.506 3289
150.607 3290
150.707 3291
150.807 3292
150.907 3293
151.007 3294
151.107 3295
151.207 3296
151.307 3297
151.407 3298
151.507 3299
151.608 3300
151.708 3301
151.808 3302
151.908 3303
152.008 3304
152.109 3305
152.209 3306
152.309 3307
152.409 3308
152.51 3309
152.61 3310
152.71 3311
152.811 3312
152.911 3313
153.011 3314
153.111 3315
153.212 3316
153.312 3317
153.413 3318
153.513 3319
153.613 3320
153.714 3321
153.814 3322
153.915 3323
154.015 3324
154.116 3325
154.216 3326
154.317 3327
154.417 3328
154.517 3329
154.618 3330
154.718 3331
154.819 3332
154.919 3333
155.02 3334
155.12 3335
155.221 3336
155.321 3337
155.422 3338
155.523 3339
155.623 3340
155.724 3341
155.824 3342
155.925 3343
156.025 3344
156.126 3345
156.226 3346
156.327 3347
156.428 3348
156.528 3349
156.629 3350
156.729 3351
156.83 3352
156.931 3353
157.031 3354
157.132 3355
157.233 3356
157.333 3357
157.434 3358
157.535 3359
157.635 3360
157.736 3361
157.837 3362
157.937 3363
158.038 3364
158.139 3365
158.24 3366
158.341 3367
158.441 3368
158.542 3369
158.643 3370
158.744 3371
158.845 3372
158.946 3373
159.047 3374
159.147 3375
159.248 3376
159.349 3377
159.45 3378
159.551 3379
159.652 3380
159.753 3381
159.854 3382
159.955 3383
160.056 3384
160.157 3385
160.258 3386
160.359 3387
160.46 3388
160.561 3389
160.662 3390
160.763 3391
160.864 3392
160.966 3393
161.067 3394
161.168 3395
161.269 3396
161.37 3397
161.471 3398
161.572 3399
161.673 3400
161.775 3401
161.876 3402
161.977 3403
162.078 3404
162.179 3405
162.28 3406
162.382 3407
162.483 3408
162.584 3409
162.685 3410
162.787 3411
162.888 3412
162.989 3413
163.09 3414
163.191 3415
163.293 3416
163.394 3417
163.495 3418
163.596 3419
163.698 3420
163.799 3421
163.9 3422
164.002 3423
164.103 3424
164.204 3425
164.306 3426
164.407 3427
164.508 3428
164.61 3429
164.711 3430
164.812 3431
164.914 3432
165.015 3433
165.117 3434
165.218 3435
165.32 3436
165.421 3437
165.523 3438
165.624 3439
165.726 3440
165.827 3441
165.929 3442
166.03 3443
166.132 3444
166.233 3445
166.335 3446
166.436 3447
166.538 3448
166.64 3449
166.741 3450
166.843 3451
166.944 3452
167.046 3453
167.148 3454
167.249 3455
167.351 3456
167.452 3457
167.554 3458
167.656 3459
167.758 3460
167.859 3461
167.961 3462
168.063 3463
168.165 3464
168.266 3465
168.368 3466
168.47 3467
168.572 3468
168.673 3469
168.775 3470
168.877 3471
168.979 3472
169.081 3473
169.183 3474
169.284 3475
169.386 3476
169.488 3477
169.59 3478
169.692 3479
169.794 3480
169.896 3481
169.998 3482
170.1 3483
170.201 3484
170.303 3485
170.405 3486
170.507 3487
170.609 3488
170.711 3489
170.813 3490
170.915 3491
171.017 3492
171.119 3493
171.221 3494
171.323 3495
171.425 3496
171.527 3497
171.629 3498
171.731 3499
171.833 3500
171.935 3501
172.037 3502
172.139 3503
172.242 3504
172.344 3505
172.446 3506
172.548 3507
172.65 3508
172.752 3509
172.854 3510
172.957 3511
173.059 3512
173.161 3513
173.263 3514
173.366 3515
173.468 3516
173.57 3517
173.673 3518
173.775 3519
173.877 3520
173.98 3521
174.082 3522
174.184 3523
174.287 3524
174.389 3525
174.492 3526
174.594 3527
174.697 3528
174.799 3529
174.901 3530
175.004 3531
175.106 3532
175.209 3533
175.311 3534
175.414 3535
175.516 3536
175.619 3537
175.721 3538
175.824 3539
175.926 3540
176.029 3541
176.131 3542
176.234 3543
176.337 3544
176.439 3545
176.542 3546
176.644 3547
176.747 3548
176.85 3549
176.952 3550
177.055 3551
177.158 3552
177.26 3553
177.363 3554
177.466 3555
177.569 3556
177.672 3557
177.774 3558
177.877 3559
177.98 3560
178.083 3561
178.186 3562
178.289 3563
178.392 3564
178.495 3565
178.598 3566
178.701 3567
178.804 3568
178.907 3569
179.01 3570
179.113 3571
179.216 3572
179.319 3573
179.422 3574
179.526 3575
179.629 3576
179.732 3577
179.835 3578
179.938 3579
180.041 3580
180.145 3581
180.248 3582
180.351 3583
180.454 3584
180.558 3585
180.661 3586
180.764 3587
180.867 3588
180.971 3589
181.074 3590
181.177 3591
181.281 3592
181.384 3593
181.487 3594
181.591 3595
181.694 3596
181.797 3597
181.901 3598
182.004 3599
182.108 3600
182.211 3601
182.315 3602
182.418 3603
182.522 3604
182.625 3605
182.729 3606
182.833 3607
182.936 3608
183.04 3609
183.144 3610
183.247 3611
183.351 3612
183.454 3613
183.558 3614
183.662 3615
183.765 3616
183.869 3617
183.973 3618
184.077 3619
184.18 3620
184.284 3621
184.388 3622
184.492 3623
184.595 3624
184.699 3625
184.803 3626
184.907 3627
185.011 3628
185.115 3629
185.219 3630
185.323 3631
185.427 3632
185.531 3633
185.635 3634
185.739 3635
185.843 3636
185.947 3637
186.052 3638
186.156 3639
186.26 3640
186.364 3641
186.468 3642
186.573 3643
186.677 3644
186.781 3645
186.886 3646
186.99 3647
187.094 3648
187.199 3649
187.303 3650
187.408 3651
187.512 3652
187.617 3653
187.721 3654
187.826 3655
187.93 3656
188.035 3657
188.139 3658
188.244 3659
188.348 3660
188.453 3661
188.558 3662
188.662 3663
188.767 3664
188.872 3665
188.977 3666
189.081 3667
189.186 3668
189.291 3669
189.395 3670
189.5 3671
189.605 3672
189.71 3673
189.814 3674
189.919 3675
190.024 3676
190.129 3677
190.234 3678
190.339 3679
190.444 3680
190.549 3681
190.654 3682
190.758 3683
190.863 3684
190.968 3685
191.073 3686
191.178 3687
191.283 3688
191.388 3689
191.493 3690
191.599 3691
191.704 3692
191.809 3693
191.914 3694
192.019 3695
192.124 3696
192.23 3697
192.335 3698
192.44 3699
192.546 3700
192.651 3701
192.756 3702
192.862 3703
192.967 3704
193.073 3705
193.178 3706
193.284 3707
193.389 3708
193.495 3709
193.6 3710
193.706 3711
193.811 3712
193.917 3713
194.023 3714
194.128 3715
194.234 3716
194.34 3717
194.446 3718
194.552 3719
194.657 3720
194.763 3721
194.869 3722
194.975 3723
195.081 3724
195.187 3725
195.293 3726
195.399 3727
195.505 3728
195.611 3729
195.718 3730
195.824 3731
195.93 3732
196.036 3733
196.143 3734
196.249 3735
196.355 3736
196.462 3737
196.568 3738
196.675 3739
196.781 3740
196.888 3741
196.994 3742
197.101 3743
197.208 3744
197.314 3745
197.421 3746
197.528 3747
197.635 3748
197.742 3749
197.849 3750
197.956 3751
198.063 3752
198.17 3753
198.277 3754
198.385 3755
198.492 3756
198.599 3757
198.706 3758
198.814 3759
198.921 3760
199.029 3761
199.136 3762
199.243 3763
199.351 3764
199.458 3765
199.566 3766
199.674 3767
199.781 3768
199.889 3769
199.997 3770
200.104 3771
200.212 3772
200.32 3773
200.428 3774
200.536 3775
200.643 3776
200.751 3777
200.859 3778
200.967 3779
201.075 3780
201.183 3781
201.291 3782
201.399 3783
201.507 3784
201.615 3785
201.723 3786
201.831 3787
201.939 3788
202.048 3789
202.156 3790
202.264 3791
202.372 3792
202.48 3793
202.589 3794
202.697 3795
202.805 3796
202.914 3797
203.022 3798
203.131 3799
203.239 3800
203.347 3801
203.456 3802
203.565 3803
203.673 3804
203.782 3805
203.891 3806
203.999 3807
204.108 3808
204.217 3809
204.326 3810
204.434 3811
204.543 3812
204.652 3813
204.761 3814
204.87 3815
204.979 3816
205.088 3817
205.197 3818
205.306 3819
205.415 3820
205.524 3821
205.634 3822
205.743 3823
205.852 3824
205.961 3825
206.071 3826
206.18 3827
206.29 3828
206.399 3829
206.509 3830
206.618 3831
206.728 3832
206.838 3833
206.947 3834
207.057 3835
207.167 3836
207.277 3837
207.387 3838
207.497 3839
207.607 3840
207.717 3841
207.827 3842
207.937 3843
208.047 3844
208.157 3845
208.268 3846
208.378 3847
208.488 3848
208.598 3849
208.709 3850
208.819 3851
208.929 3852
209.04 3853
209.15 3854
209.26 3855
209.371 3856
209.481 3857
209.592 3858
209.703 3859
209.813 3860
209.924 3861
210.035 3862
210.146 3863
210.257 3864
210.367 3865
210.478 3866
210.589 3867
210.7 3868
210.811 3869
210.922 3870
211.034 3871
211.145 3872
211.256 3873
211.367 3874
211.478 3875
211.589 3876
211.7 3877
211.811 3878
211.922 3879
212.033 3880
212.145 3881
212.256 3882
212.367 3883
212.478 3884
212.59 3885
212.701 3886
212.812 3887
212.924 3888
213.035 3889
213.147 3890
213.258 3891
213.37 3892
213.482 3893
213.594 3894
213.705 3895
213.817 3896
213.929 3897
214.041 3898
214.153 3899
214.265 3900
214.377 3901
214.489 3902
214.601 3903
214.713 3904
214.825 3905
214.938 3906
215.05 3907
215.162 3908
215.275 3909
215.387 3910
215.5 3911
215.612 3912
215.725 3913
215.837 3914
215.95 3915
216.063 3916
216.175 3917
216.288 3918
216.401 3919
216.513 3920
216.626 3921
216.739 3922
216.852 3923
216.966 3924
217.079 3925
217.192 3926
217.305 3927
217.419 3928
217.532 3929
217.645 3930
217.759 3931
217.872 3932
217.986 3933
218.099 3934
218.213 3935
218.326 3936
218.44 3937
218.554 3938
218.667 3939
218.781 3940
218.895 3941
219.009 3942
219.123 3943
219.237 3944
219.351 3945
219.465 3946
219.58 3947
219.694 3948
219.808 3949
219.923 3950
220.037 3951
220.151 3952
220.266 3953
220.38 3954
220.495 3955
220.609 3956
220.724 3957
220.839 3958
220.953 3959
221.068 3960
221.183 3961
221.298 3962
221.412 3963
221.527 3964
221.642 3965
221.757 3966
221.872 3967
221.988 3968
222.103 3969
222.218 3970
222.333 3971
222.449 3972
222.564 3973
222.68 3974
222.795 3975
222.911 3976
223.027 3977
223.142 3978
223.258 3979
223.374 3980
223.49 3981
223.606 3982
223.722 3983
223.839 3984
223.955 3985
224.071 3986
224.187 3987
224.304 3988
224.42 3989
224.537 3990
224.653 3991
224.77 3992
224.887 3993
225.003 3994
225.12 3995
225.237 3996
225.354 3997
225.471 3998
225.588 3999
225.705 4000
225.822 4001
225.939 4002
226.057 4003
226.174 4004
226.292 4005
226.41 4006
226.527 4007
226.645 4008
226.764 4009
226.882 4010
227.001 4011
227.12 4012
227.238 4013
227.357 4014
227.476 4015
227.594 4016
227.713 4017
227.832 4018
227.951 4019
228.07 4020
228.189 4021
228.308 4022
228.428 4023
228.547 4024
228.666 4025
228.786 4026
228.906 4027
229.026 4028
229.146 4029
229.266 4030
229.386 4031
229.506 4032
229.627 4033
229.747 4034
229.868 4035
229.989 4036
230.11 4037
230.231 4038
230.352 4039
230.473 4040
230.594 4041
230.715 4042
230.836 4043
230.958 4044
231.079 4045
231.201 4046
231.322 4047
231.444 4048
231.566 4049
231.688 4050
231.81 4051
231.932 4052
232.055 4053
232.177 4054
232.3 4055
232.422 4056
232.545 4057
232.668 4058
232.791 4059
232.914 4060
233.038 4061
233.161 4062
233.284 4063
233.408 4064
233.531 4065
233.655 4066
233.779 4067
233.903 4068
234.027 4069
234.151 4070
234.276 4071
234.401 4072
234.525 4073
234.651 4074
234.776 4075
234.902 4076
235.028 4077
235.155 4078
235.281 4079
235.408 4080
235.535 4081
235.661 4082
235.788 4083
235.916 4084
236.043 4085
236.17 4086
236.298 4087
236.426 4088
236.555 4089
236.686 4090
236.816 4091
236.947 4092
237.078 4093
237.209 4094
237.34 4095
237.471 4096
237.603 4097
237.736 4098
237.868 4099
238.001 4100
238.134 4101
238.268 4102
238.401 4103
238.536 4104
238.671 4105
238.806 4106
238.942 4107
239.077 4108
239.213 4109
239.349 4110
239.486 4111
239.622 4112
239.76 4113
239.897 4114
240.035 4115
240.173 4116
240.311 4117
240.449 4118
240.589 4119
240.728 4120
240.867 4121
241.007 4122
241.147 4123
241.289 4124
241.43 4125
241.572 4126
241.714 4127
241.856 4128
241.998 4129
242.14 4130
242.282 4131
242.425 4132
242.568 4133
242.711 4134
242.855 4135
243 4136
243.145 4137
243.29 4138
243.435 4139
243.581 4140
243.727 4141
243.873 4142
244.019 4143
244.165 4144
244.312 4145
244.459 4146
244.606 4147
244.754 4148
244.901 4149
245.049 4150
245.198 4151
245.348 4152
245.498 4153
245.648 4154
245.8 4155
245.952 4156
246.106 4157
246.26 4158
246.416 4159
246.573 4160
246.731 4161
246.889 4162
247.048 4163
247.208 4164
247.367 4165
247.527 4166
247.687 4167
247.848 4168
248.009 4169
248.171 4170
248.333 4171
248.496 4172
248.659 4173
248.823 4174
248.987 4175
249.152 4176
249.317 4177
249.482 4178
249.648 4179
249.814 4180
249.981 4181
250.149 4182
250.318 4183
250.488 4184
250.658 4185
250.828 4186
250.998 4187
251.169 4188
251.34 4189
251.511 4190
251.682 4191
251.855 4192
252.027 4193
252.2 4194
252.373 4195
252.547 4196
252.722 4197
252.897 4198
253.073 4199
253.248 4200
253.425 4201
253.603 4202
253.781 4203
253.96 4204
254.141 4205
254.322 4206
254.504 4207
254.686 4208
254.869 4209
255.052 4210
255.236 4211
255.42 4212
255.605 4213
255.79 4214
255.976 4215
256.163 4216
256.35 4217
256.538 4218
256.726 4219
256.915 4220
257.104 4221
257.294 4222
257.486 4223
257.678 4224
257.87 4225
258.062 4226
258.254 4227
258.446 4228
258.639 4229
258.832 4230
259.025 4231
259.218 4232
259.413 4233
259.608 4234
259.803 4235
259.998 4236
260.193 4237
260.389 4238
260.585 4239
260.781 4240
260.977 4241
261.173 4242
261.37 4243
261.568 4244
261.765 4245
261.963 4246
262.162 4247
262.361 4248
262.562 4249
262.764 4250
262.968 4251
263.173 4252
263.378 4253
263.583 4254
263.788 4255
263.995 4256
264.202 4257
264.409 4258
264.616 4259
264.824 4260
265.032 4261
265.24 4262
265.449 4263
265.657 4264
265.866 4265
266.075 4266
266.284 4267
266.493 4268
266.702 4269
266.912 4270
267.123 4271
267.334 4272
267.546 4273
267.76 4274
267.975 4275
268.19 4276
268.406 4277
268.623 4278
268.841 4279
269.062 4280
269.283 4281
269.504 4282
269.726 4283
269.948 4284
270.171 4285
270.394 4286
270.618 4287
270.843 4288
271.071 4289
271.301 4290
271.534 4291
271.77 4292
272.007 4293
272.249 4294
272.495 4295
272.744 4296
272.997 4297
273.251 4298
273.506 4299
273.762 4300
274.018 4301
274.277 4302
274.537 4303
274.799 4304
275.06 4305
275.325 4306
275.59 4307
275.858 4308
276.131 4309
276.403 4310
276.676 4311
276.949 4312
277.224 4313
277.5 4314
277.776 4315
278.053 4316
278.331 4317
278.609 4318
278.888 4319
279.168 4320
279.449 4321
279.73 4322
280.012 4323
280.294 4324
280.577 4325
280.861 4326
281.147 4327
281.433 4328
281.722 4329
282.011 4330
282.301 4331
282.592 4332
282.883 4333
283.18 4334
283.477 4335
283.776 4336
284.074 4337
284.375 4338
284.677 4339
284.979 4340
285.282 4341
285.585 4342
285.89 4343
286.197 4344
286.504 4345
286.814 4346
287.125 4347
287.437 4348
287.75 4349
288.065 4350
288.382 4351
288.699 4352
289.018 4353
289.338 4354
289.658 4355
289.979 4356
290.304 4357
290.628 4358
290.954 4359
291.283 4360
291.62 4361
291.965 4362
292.319 4363
292.674 4364
293.033 4365
293.398 4366
293.764 4367
294.132 4368
294.504 4369
294.884 4370
295.265 4371
295.647 4372
296.034 4373
296.421 4374
296.819 4375
297.221 4376
297.624 4377
298.028 4378
298.443 4379
298.866 4380
299.311 4381
299.769 4382
300.262 4383
300.759 4384
301.258 4385
301.784 4386
302.314 4387
302.864 4388
303.416 4389
303.976 4390
304.545 4391
305.118 4392
305.695 4393
306.283 4394
306.913 4395
307.576 4396
308.247 4397
308.921 4398
309.595 4399
310.294 4400
311.005 4401
311.723 4402
312.445 4403
313.167 4404
313.891 4405
314.622 4406
315.355 4407
316.092 4408
316.887 4409
317.712 4410
318.548 4411
319.41 4412
320.281 4413
321.194 4414
322.17 4415
323.155 4416
324.214 4417
325.32 4418
326.431 4419
327.583 4420
328.739 4421
330.955 4422
333.72 4423
337.372 4424
341.034 4425
344.768 4426
348.987 4427
353.216 4428
358.79 4429
364.729 4430
370.669 4431
377.931 4432
385.382 4433
394.926 4434
405.481 4435
417.571 4436
