0.0813361 1
0.163809 2
0.246385 3
0.329043 4
0.412076 5
0.495321 6
0.578736 7
0.662412 8
0.74615 9
0.82999 10
0.913894 11
0.998018 12
1.08226 13
1.16667 14
1.25112 15
1.33574 16
1.42053 17
1.50533 18
1.59016 19
1.67511 20
1.7601 21
1.84524 22
1.93038 23
2.01558 24
2.10084 25
2.18613 26
2.2715 27
2.35688 28
2.44236 29
2.52786 30
2.61345 31
2.69905 32
2.78467 33
2.87029 34
2.95592 35
3.04162 36
3.12732 37
3.21309 38
3.29888 39
3.38469 40
3.47051 41
3.55638 42
3.64228 43
3.7282 44
3.81414 45
3.90008 46
3.98605 47
4.07201 48
4.1581 49
4.24422 50
4.33036 51
4.41657 52
4.50279 53
4.58902 54
4.67528 55
4.76156 56
4.84784 57
4.93414 58
5.0205 59
5.10687 60
5.19326 61
5.2798 62
5.36634 63
5.45289 64
5.53947 65
5.62607 66
5.71267 67
5.79927 68
5.88588 69
5.97249 70
6.05914 71
6.1458 72
6.23249 73
6.31919 74
6.40592 75
6.49268 76
6.57947 77
6.66632 78
6.75319 79
6.84011 80
6.92703 81
7.01398 82
7.10096 83
7.18793 84
7.27492 85
7.36192 86
7.44893 87
7.53595 88
7.62297 89
7.71005 90
7.79714 91
7.88423 92
7.97133 93
8.05844 94
8.14557 95
8.23271 96
8.31984 97
8.40698 98
8.49412 99
8.58127 100
8.66843 101
8.75558 102
8.84275 103
8.92994 104
9.01714 105
9.10436 106
9.1916 107
9.27884 108
9.36611 109
9.45338 110
9.54067 111
9.62798 112
9.71529 113
9.80261 114
9.88996 115
9.97732 116
10.0647 117
10.1521 118
10.2396 119
10.3271 120
10.4145 121
10.5021 122
10.5896 123
10.6772 124
10.7647 125
10.8523 126
10.9399 127
11.0274 128
11.115 129
11.2027 130
11.2903 131
11.378 132
11.4657 133
11.5534 134
11.6412 135
11.7289 136
11.8167 137
11.9044 138
11.9922 139
12.08 140
12.1678 141
12.2556 142
12.3434 143
12.4312 144
12.5191 145
12.607 146
12.6949 147
12.7828 148
12.8707 149
12.9587 150
13.0467 151
13.1347 152
13.2227 153
13.3107 154
13.3987 155
13.4868 156
13.5748 157
13.6629 158
13.751 159
13.8391 160
13.9272 161
14.0153 162
14.1034 163
14.1915 164
14.2797 165
14.3678 166
14.4559 167
14.5441 168
14.6322 169
14.7204 170
14.8086 171
14.8968 172
14.985 173
15.0733 174
15.1615 175
15.2497 176
15.338 177
15.4263 178
15.5145 179
15.6028 180
15.691 181
15.7793 182
15.8676 183
15.9559 184
16.0442 185
16.1325 186
16.2208 187
16.3092 188
16.3975 189
16.4859 190
16.5742 191
16.6626 192
16.7509 193
16.8393 194
16.9277 195
17.0161 196
17.1045 197
17.1929 198
17.2814 199
17.3698 200
17.4583 201
17.5468 202
17.6353 203
17.7238 204
17.8123 205
17.9009 206
17.9894 207
18.078 208
18.1665 209
18.2551 210
18.3436 211
18.4322 212
18.5208 213
18.6094 214
18.6981 215
18.7867 216
18.8753 217
18.9639 218
19.0525 219
19.1412 220
19.2298 221
19.3185 222
19.4073 223
19.496 224
19.5848 225
19.6735 226
19.7623 227
19.8511 228
19.9399 229
20.0287 230
20.1175 231
20.2063 232
20.2951 233
20.3839 234
20.4728 235
20.5616 236
20.6505 237
20.7393 238
20.8282 239
20.917 240
21.0059 241
21.0948 242
21.1836 243
21.2725 244
21.3614 245
21.4503 246
21.5392 247
21.6281 248
21.717 249
21.8059 250
21.8948 251
21.9837 252
22.0726 253
22.1616 254
22.2505 255
22.3395 256
22.4284 257
22.5174 258
22.6064 259
22.6954 260
22.7844 261
22.8734 262
22.9624 263
23.0514 264
23.1405 265
23.2295 266
23.3185 267
23.4076 268
23.4967 269
23.5858 270
23.6749 271
23.764 272
23.8532 273
23.9423 274
24.0314 275
24.1205 276
24.2097 277
24.2988 278
24.388 279
24.4772 280
24.5664 281
24.6556 282
24.7448 283
24.834 284
24.9232 285
25.0124 286
25.1017 287
25.1909 288
25.2802 289
25.3695 290
25.4587 291
25.548 292
25.6373 293
25.7266 294
25.816 295
25.9053 296
25.9947 297
26.0841 298
26.1734 299
26.2628 300
26.3522 301
26.4416 302
26.5311 303
26.6205 304
26.7099 305
26.7994 306
26.8888 307
26.9783 308
27.0678 309
27.1572 310
27.2467 311
27.3362 312
27.4257 313
27.5152 314
27.6047 315
27.6942 316
27.7838 317
27.8733 318
27.9628 319
28.0524 320
28.1419 321
28.2315 322
28.3211 323
28.4107 324
28.5002 325
28.5898 326
28.6794 327
28.769 328
28.8586 329
28.9482 330
29.0378 331
29.1274 332
29.217 333
29.3066 334
29.3963 335
29.4859 336
29.5755 337
29.6651 338
29.7548 339
29.8444 340
29.9341 341
30.0238 342
30.1135 343
30.2032 344
30.2929 345
30.3826 346
30.4723 347
30.5621 348
30.6518 349
30.7416 350
30.8313 351
30.9211 352
31.0108 353
31.1006 354
31.1903 355
31.2801 356
31.3699 357
31.4597 358
31.5495 359
31.6393 360
31.729 361
31.8188 362
31.9086 363
31.9985 364
32.0883 365
32.1781 366
32.2679 367
32.3577 368
32.4475 369
32.5374 370
32.6272 371
32.7171 372
32.807 373
32.8969 374
32.9868 375
33.0767 376
33.1666 377
33.2565 378
33.3464 379
33.4364 380
33.5263 381
33.6162 382
33.7062 383
33.7961 384
33.8861 385
33.976 386
34.0659 387
34.1559 388
34.2458 389
34.3358 390
34.4258 391
34.5157 392
34.6057 393
34.6957 394
34.7856 395
34.8756 396
34.9657 397
35.0557 398
35.1457 399
35.2357 400
35.3258 401
35.4158 402
35.5059 403
35.5959 404
35.686 405
35.7761 406
35.8661 407
35.9562 408
36.0463 409
36.1364 410
36.2265 411
36.3166 412
36.4066 413
36.4967 414
36.5868 415
36.6769 416
36.767 417
36.8572 418
36.9473 419
37.0374 420
37.1276 421
37.2177 422
37.3079 423
37.3981 424
37.4882 425
37.5784 426
37.6686 427
37.7587 428
37.8489 429
37.9391 430
38.0293 431
38.1195 432
38.2097 433
38.2999 434
38.39 435
38.4802 436
38.5704 437
38.6607 438
38.7509 439
38.8411 440
38.9313 441
39.0215 442
39.1117 443
39.202 444
39.2922 445
39.3825 446
39.4727 447
39.563 448
39.6533 449
39.7436 450
39.8339 451
39.9242 452
40.0145 453
40.1048 454
40.1951 455
40.2854 456
40.3758 457
40.4661 458
40.5565 459
40.6469 460
40.7372 461
40.8276 462
40.918 463
41.0083 464
41.0987 465
41.1891 466
41.2796 467
41.37 468
41.4604 469
41.5508 470
41.6412 471
41.7317 472
41.8221 473
41.9125 474
42.003 475
42.0934 476
42.1839 477
42.2743 478
42.3648 479
42.4552 480
42.5457 481
42.6361 482
42.7266 483
42.8171 484
42.9075 485
42.998 486
43.0885 487
43.179 488
43.2695 489
43.36 490
43.4505 491
43.541 492
43.6316 493
43.7221 494
43.8126 495
43.9032 496
43.9937 497
44.0843 498
44.1748 499
44.2654 500
44.3559 501
44.4465 502
44.5371 503
44.6276 504
44.7182 505
44.8088 506
44.8994 507
44.99 508
45.0806 509
45.1713 510
45.2619 511
45.3525 512
45.4431 513
45.5337 514
45.6244 515
45.715 516
45.8057 517
45.8964 518
45.9871 519
46.0778 520
46.1685 521
46.2593 522
46.35 523
46.4408 524
46.5315 525
46.6223 526
46.7131 527
46.8039 528
46.8947 529
46.9855 530
47.0763 531
47.1671 532
47.2579 533
47.3487 534
47.4395 535
47.5303 536
47.6211 537
47.712 538
47.8028 539
47.8936 540
47.9845 541
48.0754 542
48.1662 543
48.2571 544
48.3479 545
48.4388 546
48.5297 547
48.6206 548
48.7115 549
48.8024 550
48.8933 551
48.9842 552
49.0751 553
49.1661 554
49.257 555
49.3479 556
49.4389 557
49.5298 558
49.6208 559
49.7118 560
49.8027 561
49.8937 562
49.9847 563
50.0756 564
50.1666 565
50.2576 566
50.3486 567
50.4396 568
50.5305 569
50.6215 570
50.7125 571
50.8035 572
50.8946 573
50.9856 574
51.0766 575
51.1677 576
51.2587 577
51.3498 578
51.4408 579
51.5319 580
51.6229 581
51.714 582
51.8051 583
51.8961 584
51.9872 585
52.0783 586
52.1693 587
52.2604 588
52.3515 589
52.4426 590
52.5337 591
52.6248 592
52.7159 593
52.807 594
52.8981 595
52.9892 596
53.0803 597
53.1714 598
53.2625 599
53.3536 600
53.4448 601
53.5359 602
53.627 603
53.7182 604
53.8093 605
53.9005 606
53.9916 607
54.0827 608
54.1739 609
54.2651 610
54.3562 611
54.4474 612
54.5386 613
54.6298 614
54.721 615
54.8121 616
54.9033 617
54.9945 618
55.0857 619
55.1769 620
55.2681 621
55.3594 622
55.4506 623
55.5418 624
55.633 625
55.7243 626
55.8155 627
55.9067 628
55.998 629
56.0892 630
56.1804 631
56.2717 632
56.3629 633
56.4542 634
56.5454 635
56.6367 636
56.7279 637
56.8192 638
56.9105 639
57.0018 640
57.0931 641
57.1844 642
57.2757 643
57.3671 644
57.4584 645
57.5497 646
57.641 647
57.7323 648
57.8236 649
57.915 650
58.0063 651
58.0976 652
58.189 653
58.2803 654
58.3716 655
58.463 656
58.5543 657
58.6457 658
58.737 659
58.8284 660
58.9198 661
59.0111 662
59.1025 663
59.1939 664
59.2853 665
59.3767 666
59.4681 667
59.5595 668
59.6509 669
59.7423 670
59.8337 671
59.9252 672
60.0166 673
60.108 674
60.1995 675
60.291 676
60.3824 677
60.4739 678
60.5654 679
60.6569 680
60.7485 681
60.84 682
60.9315 683
61.023 684
61.1146 685
61.2061 686
61.2976 687
61.3892 688
61.4808 689
61.5723 690
61.6639 691
61.7555 692
61.8471 693
61.9387 694
62.0303 695
62.1219 696
62.2135 697
62.3051 698
62.3967 699
62.4883 700
62.58 701
62.6716 702
62.7633 703
62.8549 704
62.9466 705
63.0383 706
63.13 707
63.2217 708
63.3133 709
63.405 710
63.4967 711
63.5884 712
63.6801 713
63.7719 714
63.8636 715
63.9553 716
64.047 717
64.1388 718
64.2305 719
64.3222 720
64.414 721
64.5058 722
64.5975 723
64.6893 724
64.7811 725
64.8728 726
64.9646 727
65.0564 728
65.1482 729
65.24 730
65.3317 731
65.4236 732
65.5154 733
65.6072 734
65.699 735
65.7908 736
65.8827 737
65.9745 738
66.0664 739
66.1582 740
66.2501 741
66.342 742
66.4338 743
66.5257 744
66.6176 745
66.7094 746
66.8013 747
66.8932 748
66.9851 749
67.077 750
67.1689 751
67.2608 752
67.3526 753
67.4445 754
67.5364 755
67.6283 756
67.7202 757
67.8121 758
67.9041 759
67.996 760
68.0879 761
68.1798 762
68.2718 763
68.3637 764
68.4557 765
68.5476 766
68.6396 767
68.7316 768
68.8236 769
68.9156 770
69.0076 771
69.0996 772
69.1916 773
69.2836 774
69.3756 775
69.4676 776
69.5596 777
69.6516 778
69.7436 779
69.8356 780
69.9276 781
70.0197 782
70.1117 783
70.2037 784
70.2958 785
70.3878 786
70.4798 787
70.5719 788
70.6639 789
70.756 790
70.848 791
70.9401 792
71.0322 793
71.1242 794
71.2163 795
71.3084 796
71.4005 797
71.4926 798
71.5847 799
71.6768 800
71.7689 801
71.861 802
71.9532 803
72.0453 804
72.1374 805
72.2296 806
72.3217 807
72.4139 808
72.5061 809
72.5982 810
72.6904 811
72.7826 812
72.8747 813
72.9669 814
73.0591 815
73.1513 816
73.2435 817
73.3357 818
73.4279 819
73.5201 820
73.6123 821
73.7046 822
73.7968 823
73.889 824
73.9813 825
74.0735 826
74.1658 827
74.258 828
74.3503 829
74.4426 830
74.5349 831
74.6271 832
74.7194 833
74.8117 834
74.904 835
74.9963 836
75.0886 837
75.1809 838
75.2732 839
75.3656 840
75.4579 841
75.5502 842
75.6425 843
75.7349 844
75.8272 845
75.9195 846
76.0119 847
76.1042 848
76.1966 849
76.2889 850
76.3813 851
76.4736 852
76.566 853
76.6583 854
76.7507 855
76.8431 856
76.9354 857
77.0278 858
77.1202 859
77.2125 860
77.3049 861
77.3973 862
77.4897 863
77.5821 864
77.6745 865
77.7669 866
77.8593 867
77.9517 868
78.0441 869
78.1366 870
78.229 871
78.3214 872
78.4139 873
78.5063 874
78.5987 875
78.6912 876
78.7836 877
78.8761 878
78.9686 879
79.061 880
79.1535 881
79.246 882
79.3384 883
79.4309 884
79.5234 885
79.6159 886
79.7084 887
79.8009 888
79.8934 889
79.9859 890
80.0784 891
80.1709 892
80.2634 893
80.3559 894
80.4484 895
80.541 896
80.6335 897
80.726 898
80.8186 899
80.9111 900
81.0036 901
81.0962 902
81.1887 903
81.2813 904
81.3738 905
81.4664 906
81.559 907
81.6515 908
81.7441 909
81.8367 910
81.9293 911
82.0218 912
82.1144 913
82.207 914
82.2996 915
82.3922 916
82.4848 917
82.5774 918
82.67 919
82.7626 920
82.8552 921
82.9478 922
83.0404 923
83.133 924
83.2256 925
83.3182 926
83.4108 927
83.5035 928
83.5961 929
83.6887 930
83.7813 931
83.874 932
83.9666 933
84.0592 934
84.1519 935
84.2445 936
84.3372 937
84.4298 938
84.5225 939
84.6151 940
84.7078 941
84.8005 942
84.8932 943
84.9858 944
85.0785 945
85.1712 946
85.2639 947
85.3566 948
85.4492 949
85.542 950
85.6347 951
85.7274 952
85.8201 953
85.9128 954
86.0055 955
86.0982 956
86.191 957
86.2837 958
86.3764 959
86.4692 960
86.5619 961
86.6547 962
86.7474 963
86.8402 964
86.9329 965
87.0257 966
87.1185 967
87.2112 968
87.304 969
87.3968 970
87.4895 971
87.5823 972
87.6751 973
87.7679 974
87.8607 975
87.9535 976
88.0463 977
88.1391 978
88.2319 979
88.3247 980
88.4175 981
88.5104 982
88.6032 983
88.696 984
88.7888 985
88.8817 986
88.9745 987
89.0673 988
89.1602 989
89.253 990
89.3459 991
89.4387 992
89.5316 993
89.6244 994
89.7173 995
89.8101 996
89.903 997
89.9958 998
90.0887 999
90.1815 1000
90.2744 1001
90.3673 1002
90.4601 1003
90.553 1004
90.6459 1005
90.7387 1006
90.8316 1007
90.9245 1008
91.0174 1009
91.1103 1010
91.2032 1011
91.2961 1012
91.389 1013
91.4819 1014
91.5748 1015
91.6677 1016
91.7606 1017
91.8536 1018
91.9465 1019
92.0394 1020
92.1324 1021
92.2253 1022
92.3182 1023
92.4112 1024
92.5041 1025
92.597 1026
92.69 1027
92.7829 1028
92.8759 1029
92.9689 1030
93.0618 1031
93.1548 1032
93.2478 1033
93.3407 1034
93.4337 1035
93.5267 1036
93.6197 1037
93.7127 1038
93.8057 1039
93.8987 1040
93.9917 1041
94.0847 1042
94.1777 1043
94.2707 1044
94.3637 1045
94.4568 1046
94.5498 1047
94.6429 1048
94.7359 1049
94.829 1050
94.922 1051
95.0151 1052
95.1082 1053
95.2012 1054
95.2943 1055
95.3874 1056
95.4805 1057
95.5736 1058
95.6666 1059
95.7597 1060
95.8528 1061
95.9459 1062
96.039 1063
96.1321 1064
96.2252 1065
96.3183 1066
96.4114 1067
96.5045 1068
96.5977 1069
96.6908 1070
96.7839 1071
96.877 1072
96.9701 1073
97.0633 1074
97.1564 1075
97.2495 1076
97.3427 1077
97.4358 1078
97.529 1079
97.6221 1080
97.7153 1081
97.8084 1082
97.9016 1083
97.9948 1084
98.0879 1085
98.1811 1086
98.2743 1087
98.3674 1088
98.4606 1089
98.5538 1090
98.6469 1091
98.7401 1092
98.8333 1093
98.9265 1094
99.0197 1095
99.1129 1096
99.2061 1097
99.2993 1098
99.3925 1099
99.4857 1100
99.5789 1101
99.6722 1102
99.7654 1103
99.8586 1104
99.9519 1105
100.045 1106
100.138 1107
100.232 1108
100.325 1109
100.418 1110
100.511 1111
100.605 1112
100.698 1113
100.791 1114
100.884 1115
100.978 1116
101.071 1117
101.164 1118
101.257 1119
101.351 1120
101.444 1121
101.537 1122
101.63 1123
101.724 1124
101.817 1125
101.91 1126
102.004 1127
102.097 1128
102.19 1129
102.284 1130
102.377 1131
102.47 1132
102.563 1133
102.657 1134
102.75 1135
102.843 1136
102.937 1137
103.03 1138
103.124 1139
103.217 1140
103.31 1141
103.404 1142
103.497 1143
103.59 1144
103.684 1145
103.777 1146
103.871 1147
103.964 1148
104.057 1149
104.151 1150
104.244 1151
104.338 1152
104.431 1153
104.524 1154
104.618 1155
104.711 1156
104.805 1157
104.898 1158
104.992 1159
105.085 1160
105.178 1161
105.272 1162
105.365 1163
105.459 1164
105.552 1165
105.646 1166
105.739 1167
105.833 1168
105.926 1169
106.02 1170
106.113 1171
106.207 1172
106.3 1173
106.394 1174
106.487 1175
106.581 1176
106.674 1177
106.768 1178
106.861 1179
106.955 1180
107.049 1181
107.142 1182
107.236 1183
107.329 1184
107.423 1185
107.516 1186
107.61 1187
107.704 1188
107.797 1189
107.891 1190
107.984 1191
108.078 1192
108.172 1193
108.265 1194
108.359 1195
108.453 1196
108.546 1197
108.64 1198
108.734 1199
108.827 1200
108.921 1201
109.015 1202
109.108 1203
109.202 1204
109.296 1205
109.389 1206
109.483 1207
109.577 1208
109.67 1209
109.764 1210
109.858 1211
109.951 1212
110.045 1213
110.139 1214
110.232 1215
110.326 1216
110.42 1217
110.514 1218
110.607 1219
110.701 1220
110.795 1221
110.889 1222
110.982 1223
111.076 1224
111.17 1225
111.264 1226
111.357 1227
111.451 1228
111.545 1229
111.639 1230
111.733 1231
111.826 1232
111.92 1233
112.014 1234
112.108 1235
112.202 1236
112.295 1237
112.389 1238
112.483 1239
112.577 1240
112.671 1241
112.764 1242
112.858 1243
112.952 1244
113.046 1245
113.14 1246
113.234 1247
113.328 1248
113.421 1249
113.515 1250
113.609 1251
113.703 1252
113.797 1253
113.891 1254
113.985 1255
114.079 1256
114.172 1257
114.266 1258
114.36 1259
114.454 1260
114.548 1261
114.642 1262
114.736 1263
114.83 1264
114.924 1265
115.017 1266
115.111 1267
115.205 1268
115.299 1269
115.393 1270
115.487 1271
115.581 1272
115.675 1273
115.769 1274
115.863 1275
115.957 1276
116.051 1277
116.145 1278
116.239 1279
116.333 1280
116.427 1281
116.521 1282
116.615 1283
116.709 1284
116.803 1285
116.897 1286
116.991 1287
117.085 1288
117.179 1289
117.273 1290
117.367 1291
117.461 1292
117.555 1293
117.649 1294
117.743 1295
117.837 1296
117.931 1297
118.025 1298
118.12 1299
118.214 1300
118.308 1301
118.402 1302
118.496 1303
118.59 1304
118.684 1305
118.778 1306
118.872 1307
118.966 1308
119.06 1309
119.155 1310
119.249 1311
119.343 1312
119.437 1313
119.531 1314
119.625 1315
119.719 1316
119.813 1317
119.907 1318
120.002 1319
120.096 1320
120.19 1321
120.284 1322
120.378 1323
120.472 1324
120.566 1325
120.661 1326
120.755 1327
120.849 1328
120.943 1329
121.037 1330
121.131 1331
121.226 1332
121.32 1333
121.414 1334
121.508 1335
121.602 1336
121.697 1337
121.791 1338
121.885 1339
121.979 1340
122.073 1341
122.168 1342
122.262 1343
122.356 1344
122.45 1345
122.545 1346
122.639 1347
122.733 1348
122.827 1349
122.921 1350
123.016 1351
123.11 1352
123.204 1353
123.298 1354
123.393 1355
123.487 1356
123.581 1357
123.676 1358
123.77 1359
123.864 1360
123.958 1361
124.053 1362
124.147 1363
124.241 1364
124.336 1365
124.43 1366
124.524 1367
124.619 1368
124.713 1369
124.807 1370
124.902 1371
124.996 1372
125.09 1373
125.185 1374
125.279 1375
125.373 1376
125.468 1377
125.562 1378
125.656 1379
125.751 1380
125.845 1381
125.939 1382
126.034 1383
126.128 1384
126.223 1385
126.317 1386
126.411 1387
126.506 1388
126.6 1389
126.694 1390
126.789 1391
126.883 1392
126.978 1393
127.072 1394
127.166 1395
127.261 1396
127.355 1397
127.45 1398
127.544 1399
127.639 1400
127.733 1401
127.827 1402
127.922 1403
128.016 1404
128.111 1405
128.205 1406
128.299 1407
128.394 1408
128.488 1409
128.583 1410
128.677 1411
128.772 1412
128.866 1413
128.961 1414
129.055 1415
129.15 1416
129.244 1417
129.338 1418
129.433 1419
129.527 1420
129.622 1421
129.716 1422
129.811 1423
129.905 1424
130 1425
130.094 1426
130.189 1427
130.283 1428
130.378 1429
130.472 1430
130.567 1431
130.661 1432
130.756 1433
130.85 1434
130.945 1435
131.039 1436
131.134 1437
131.228 1438
131.323 1439
131.417 1440
131.512 1441
131.607 1442
131.701 1443
131.796 1444
131.89 1445
131.985 1446
132.079 1447
132.174 1448
132.269 1449
132.363 1450
132.458 1451
132.552 1452
132.647 1453
132.741 1454
132.836 1455
132.931 1456
133.025 1457
133.12 1458
133.214 1459
133.309 1460
133.404 1461
133.498 1462
133.593 1463
133.688 1464
133.782 1465
133.877 1466
133.971 1467
134.066 1468
134.161 1469
134.255 1470
134.35 1471
134.445 1472
134.539 1473
134.634 1474
134.729 1475
134.823 1476
134.918 1477
135.013 1478
135.107 1479
135.202 1480
135.297 1481
135.391 1482
135.486 1483
135.581 1484
135.675 1485
135.77 1486
135.865 1487
135.959 1488
136.054 1489
136.149 1490
136.244 1491
136.338 1492
136.433 1493
136.528 1494
136.622 1495
136.717 1496
136.812 1497
136.907 1498
137.001 1499
137.096 1500
137.191 1501
137.286 1502
137.38 1503
137.475 1504
137.57 1505
137.665 1506
137.76 1507
137.854 1508
137.949 1509
138.044 1510
138.139 1511
138.233 1512
138.328 1513
138.423 1514
138.518 1515
138.613 1516
138.707 1517
138.802 1518
138.897 1519
138.992 1520
139.087 1521
139.181 1522
139.276 1523
139.371 1524
139.466 1525
139.561 1526
139.656 1527
139.751 1528
139.845 1529
139.94 1530
140.035 1531
140.13 1532
140.225 1533
140.32 1534
140.415 1535
140.509 1536
140.604 1537
140.699 1538
140.794 1539
140.889 1540
140.984 1541
141.079 1542
141.174 1543
141.268 1544
141.363 1545
141.458 1546
141.553 1547
141.648 1548
141.743 1549
141.838 1550
141.933 1551
142.028 1552
142.123 1553
142.218 1554
142.312 1555
142.407 1556
142.502 1557
142.597 1558
142.692 1559
142.787 1560
142.882 1561
142.977 1562
143.072 1563
143.167 1564
143.262 1565
143.357 1566
143.452 1567
143.547 1568
143.642 1569
143.737 1570
143.832 1571
143.927 1572
144.022 1573
144.117 1574
144.212 1575
144.307 1576
144.402 1577
144.497 1578
144.592 1579
144.687 1580
144.782 1581
144.877 1582
144.972 1583
145.067 1584
145.162 1585
145.257 1586
145.352 1587
145.447 1588
145.542 1589
145.637 1590
145.732 1591
145.827 1592
145.922 1593
146.017 1594
146.112 1595
146.207 1596
146.303 1597
146.398 1598
146.493 1599
146.588 1600
146.683 1601
146.778 1602
146.873 1603
146.968 1604
147.063 1605
147.158 1606
147.253 1607
147.349 1608
147.444 1609
147.539 1610
147.634 1611
147.729 1612
147.824 1613
147.919 1614
148.014 1615
148.11 1616
148.205 1617
148.3 1618
148.395 1619
148.49 1620
148.585 1621
148.68 1622
148.776 1623
148.871 1624
148.966 1625
149.061 1626
149.156 1627
149.251 1628
149.347 1629
149.442 1630
149.537 1631
149.632 1632
149.727 1633
149.823 1634
149.918 1635
150.013 1636
150.108 1637
150.203 1638
150.299 1639
150.394 1640
150.489 1641
150.584 1642
150.679 1643
150.775 1644
150.87 1645
150.965 1646
151.06 1647
151.155 1648
151.251 1649
151.346 1650
151.441 1651
151.536 1652
151.632 1653
151.727 1654
151.822 1655
151.917 1656
152.013 1657
152.108 1658
152.203 1659
152.298 1660
152.394 1661
152.489 1662
152.584 1663
152.68 1664
152.775 1665
152.87 1666
152.965 1667
153.061 1668
153.156 1669
153.251 1670
153.347 1671
153.442 1672
153.537 1673
153.632 1674
153.728 1675
153.823 1676
153.918 1677
154.014 1678
154.109 1679
154.204 1680
154.3 1681
154.395 1682
154.491 1683
154.586 1684
154.681 1685
154.777 1686
154.872 1687
154.967 1688
155.063 1689
155.158 1690
155.254 1691
155.349 1692
155.444 1693
155.54 1694
155.635 1695
155.73 1696
155.826 1697
155.921 1698
156.017 1699
156.112 1700
156.207 1701
156.303 1702
156.398 1703
156.494 1704
156.589 1705
156.684 1706
156.78 1707
156.875 1708
156.971 1709
157.066 1710
157.162 1711
157.257 1712
157.352 1713
157.448 1714
157.543 1715
157.639 1716
157.734 1717
157.83 1718
157.925 1719
158.021 1720
158.116 1721
158.211 1722
158.307 1723
158.402 1724
158.498 1725
158.593 1726
158.689 1727
158.784 1728
158.88 1729
158.975 1730
159.071 1731
159.166 1732
159.262 1733
159.357 1734
159.453 1735
159.548 1736
159.644 1737
159.74 1738
159.835 1739
159.931 1740
160.026 1741
160.122 1742
160.217 1743
160.313 1744
160.408 1745
160.504 1746
160.599 1747
160.695 1748
160.791 1749
160.886 1750
160.982 1751
161.077 1752
161.173 1753
161.268 1754
161.364 1755
161.46 1756
161.555 1757
161.651 1758
161.746 1759
161.842 1760
161.938 1761
162.033 1762
162.129 1763
162.225 1764
162.32 1765
162.416 1766
162.511 1767
162.607 1768
162.703 1769
162.798 1770
162.894 1771
162.99 1772
163.085 1773
163.181 1774
163.277 1775
163.372 1776
163.468 1777
163.564 1778
163.659 1779
163.755 1780
163.851 1781
163.946 1782
164.042 1783
164.138 1784
164.233 1785
164.329 1786
164.425 1787
164.52 1788
164.616 1789
164.712 1790
164.808 1791
164.903 1792
164.999 1793
165.095 1794
165.191 1795
165.286 1796
165.382 1797
165.478 1798
165.574 1799
165.67 1800
165.765 1801
165.861 1802
165.957 1803
166.053 1804
166.148 1805
166.244 1806
166.34 1807
166.436 1808
166.532 1809
166.627 1810
166.723 1811
166.819 1812
166.915 1813
167.011 1814
167.107 1815
167.202 1816
167.298 1817
167.394 1818
167.49 1819
167.586 1820
167.682 1821
167.777 1822
167.873 1823
167.969 1824
168.065 1825
168.161 1826
168.257 1827
168.353 1828
168.449 1829
168.544 1830
168.64 1831
168.736 1832
168.832 1833
168.928 1834
169.024 1835
169.12 1836
169.216 1837
169.312 1838
169.408 1839
169.504 1840
169.599 1841
169.695 1842
169.791 1843
169.887 1844
169.983 1845
170.079 1846
170.175 1847
170.271 1848
170.367 1849
170.463 1850
170.559 1851
170.655 1852
170.751 1853
170.847 1854
170.943 1855
171.039 1856
171.134 1857
171.23 1858
171.326 1859
171.422 1860
171.518 1861
171.614 1862
171.71 1863
171.806 1864
171.902 1865
171.998 1866
172.094 1867
172.19 1868
172.286 1869
172.382 1870
172.478 1871
172.574 1872
172.67 1873
172.766 1874
172.862 1875
172.958 1876
173.054 1877
173.15 1878
173.246 1879
173.342 1880
173.438 1881
173.534 1882
173.63 1883
173.726 1884
173.822 1885
173.918 1886
174.014 1887
174.11 1888
174.206 1889
174.302 1890
174.398 1891
174.494 1892
174.59 1893
174.687 1894
174.783 1895
174.879 1896
174.975 1897
175.071 1898
175.167 1899
175.263 1900
175.359 1901
175.455 1902
175.551 1903
175.647 1904
175.744 1905
175.84 1906
175.936 1907
176.032 1908
176.128 1909
176.224 1910
176.32 1911
176.417 1912
176.513 1913
176.609 1914
176.705 1915
176.801 1916
176.897 1917
176.993 1918
177.09 1919
177.186 1920
177.282 1921
177.378 1922
177.474 1923
177.571 1924
177.667 1925
177.763 1926
177.859 1927
177.955 1928
178.052 1929
178.148 1930
178.244 1931
178.34 1932
178.436 1933
178.533 1934
178.629 1935
178.725 1936
178.821 1937
178.918 1938
179.014 1939
179.11 1940
179.206 1941
179.303 1942
179.399 1943
179.495 1944
179.591 1945
179.688 1946
179.784 1947
179.88 1948
179.976 1949
180.073 1950
180.169 1951
180.265 1952
180.362 1953
180.458 1954
180.554 1955
180.651 1956
180.747 1957
180.843 1958
180.939 1959
181.036 1960
181.132 1961
181.228 1962
181.325 1963
181.421 1964
181.517 1965
181.614 1966
181.71 1967
181.807 1968
181.903 1969
181.999 1970
182.096 1971
182.192 1972
182.288 1973
182.385 1974
182.481 1975
182.578 1976
182.674 1977
182.77 1978
182.867 1979
182.963 1980
183.06 1981
183.156 1982
183.253 1983
183.349 1984
183.445 1985
183.542 1986
183.638 1987
183.735 1988
183.831 1989
183.928 1990
184.024 1991
184.121 1992
184.217 1993
184.314 1994
184.41 1995
184.507 1996
184.603 1997
184.7 1998
184.796 1999
184.893 2000
184.989 2001
185.086 2002
185.182 2003
185.279 2004
185.375 2005
185.472 2006
185.568 2007
185.665 2008
185.762 2009
185.858 2010
185.955 2011
186.051 2012
186.148 2013
186.244 2014
186.341 2015
186.438 2016
186.534 2017
186.631 2018
186.727 2019
186.824 2020
186.92 2021
187.017 2022
187.114 2023
187.21 2024
187.307 2025
187.404 2026
187.5 2027
187.597 2028
187.693 2029
187.79 2030
187.887 2031
187.983 2032
188.08 2033
188.177 2034
188.273 2035
188.37 2036
188.467 2037
188.563 2038
188.66 2039
188.757 2040
188.853 2041
188.95 2042
189.047 2043
189.143 2044
189.24 2045
189.337 2046
189.434 2047
189.53 2048
189.627 2049
189.724 2050
189.82 2051
189.917 2052
190.014 2053
190.111 2054
190.207 2055
190.304 2056
190.401 2057
190.498 2058
190.594 2059
190.691 2060
190.788 2061
190.885 2062
190.981 2063
191.078 2064
191.175 2065
191.272 2066
191.369 2067
191.466 2068
191.562 2069
191.659 2070
191.756 2071
191.853 2072
191.95 2073
192.046 2074
192.143 2075
192.24 2076
192.337 2077
192.434 2078
192.531 2079
192.628 2080
192.725 2081
192.821 2082
192.918 2083
193.015 2084
193.112 2085
193.209 2086
193.306 2087
193.403 2088
193.5 2089
193.596 2090
193.693 2091
193.79 2092
193.887 2093
193.984 2094
194.081 2095
194.178 2096
194.275 2097
194.372 2098
194.469 2099
194.566 2100
194.663 2101
194.76 2102
194.857 2103
194.954 2104
195.051 2105
195.148 2106
195.245 2107
195.342 2108
195.438 2109
195.535 2110
195.632 2111
195.729 2112
195.826 2113
195.923 2114
196.02 2115
196.117 2116
196.215 2117
196.312 2118
196.409 2119
196.506 2120
196.603 2121
196.7 2122
196.797 2123
196.894 2124
196.991 2125
197.088 2126
197.185 2127
197.282 2128
197.379 2129
197.476 2130
197.573 2131
197.67 2132
197.767 2133
197.864 2134
197.961 2135
198.059 2136
198.156 2137
198.253 2138
198.35 2139
198.447 2140
198.544 2141
198.641 2142
198.738 2143
198.835 2144
198.932 2145
199.03 2146
199.127 2147
199.224 2148
199.321 2149
199.418 2150
199.515 2151
199.612 2152
199.709 2153
199.807 2154
199.904 2155
200.001 2156
200.098 2157
200.195 2158
200.292 2159
200.389 2160
200.487 2161
200.584 2162
200.681 2163
200.778 2164
200.875 2165
200.973 2166
201.07 2167
201.167 2168
201.264 2169
201.361 2170
201.459 2171
201.556 2172
201.653 2173
201.75 2174
201.848 2175
201.945 2176
202.042 2177
202.139 2178
202.237 2179
202.334 2180
202.431 2181
202.528 2182
202.626 2183
202.723 2184
202.82 2185
202.918 2186
203.015 2187
203.112 2188
203.209 2189
203.307 2190
203.404 2191
203.501 2192
203.599 2193
203.696 2194
203.793 2195
203.891 2196
203.988 2197
204.085 2198
204.183 2199
204.28 2200
204.377 2201
204.475 2202
204.572 2203
204.669 2204
204.767 2205
204.864 2206
204.961 2207
205.059 2208
205.156 2209
205.253 2210
205.351 2211
205.448 2212
205.546 2213
205.643 2214
205.74 2215
205.838 2216
205.935 2217
206.033 2218
206.13 2219
206.227 2220
206.325 2221
206.422 2222
206.52 2223
206.617 2224
206.715 2225
206.812 2226
206.909 2227
207.007 2228
207.104 2229
207.202 2230
207.299 2231
207.397 2232
207.494 2233
207.592 2234
207.689 2235
207.787 2236
207.884 2237
207.982 2238
208.079 2239
208.177 2240
208.275 2241
208.372 2242
208.47 2243
208.567 2244
208.665 2245
208.762 2246
208.86 2247
208.957 2248
209.055 2249
209.153 2250
209.25 2251
209.348 2252
209.445 2253
209.543 2254
209.641 2255
209.738 2256
209.836 2257
209.933 2258
210.031 2259
210.129 2260
210.226 2261
210.324 2262
210.421 2263
210.519 2264
210.617 2265
210.714 2266
210.812 2267
210.909 2268
211.007 2269
211.105 2270
211.202 2271
211.3 2272
211.398 2273
211.495 2274
211.593 2275
211.691 2276
211.788 2277
211.886 2278
211.984 2279
212.081 2280
212.179 2281
212.277 2282
212.374 2283
212.472 2284
212.57 2285
212.668 2286
212.765 2287
212.863 2288
212.961 2289
213.059 2290
213.156 2291
213.254 2292
213.352 2293
213.449 2294
213.547 2295
213.645 2296
213.743 2297
213.84 2298
213.938 2299
214.036 2300
214.134 2301
214.231 2302
214.329 2303
214.427 2304
214.525 2305
214.622 2306
214.72 2307
214.818 2308
214.916 2309
215.013 2310
215.111 2311
215.209 2312
215.307 2313
215.405 2314
215.502 2315
215.6 2316
215.698 2317
215.796 2318
215.894 2319
215.991 2320
216.089 2321
216.187 2322
216.285 2323
216.383 2324
216.48 2325
216.578 2326
216.676 2327
216.774 2328
216.872 2329
216.97 2330
217.067 2331
217.165 2332
217.263 2333
217.361 2334
217.459 2335
217.557 2336
217.655 2337
217.753 2338
217.85 2339
217.948 2340
218.046 2341
218.144 2342
218.242 2343
218.34 2344
218.438 2345
218.536 2346
218.634 2347
218.732 2348
218.83 2349
218.928 2350
219.026 2351
219.124 2352
219.222 2353
219.319 2354
219.417 2355
219.515 2356
219.613 2357
219.711 2358
219.809 2359
219.907 2360
220.005 2361
220.103 2362
220.202 2363
220.3 2364
220.398 2365
220.496 2366
220.594 2367
220.692 2368
220.79 2369
220.888 2370
220.986 2371
221.084 2372
221.182 2373
221.28 2374
221.378 2375
221.476 2376
221.574 2377
221.673 2378
221.771 2379
221.869 2380
221.967 2381
222.065 2382
222.163 2383
222.261 2384
222.359 2385
222.457 2386
222.555 2387
222.654 2388
222.752 2389
222.85 2390
222.948 2391
223.046 2392
223.144 2393
223.242 2394
223.341 2395
223.439 2396
223.537 2397
223.635 2398
223.733 2399
223.831 2400
223.93 2401
224.028 2402
224.126 2403
224.224 2404
224.322 2405
224.421 2406
224.519 2407
224.617 2408
224.715 2409
224.813 2410
224.912 2411
225.01 2412
225.108 2413
225.206 2414
225.305 2415
225.403 2416
225.501 2417
225.6 2418
225.698 2419
225.796 2420
225.894 2421
225.993 2422
226.091 2423
226.189 2424
226.288 2425
226.386 2426
226.484 2427
226.583 2428
226.681 2429
226.779 2430
226.878 2431
226.976 2432
227.074 2433
227.173 2434
227.271 2435
227.369 2436
227.468 2437
227.566 2438
227.665 2439
227.763 2440
227.861 2441
227.96 2442
228.058 2443
228.157 2444
228.255 2445
228.354 2446
228.452 2447
228.55 2448
228.649 2449
228.747 2450
228.846 2451
228.944 2452
229.043 2453
229.141 2454
229.24 2455
229.338 2456
229.437 2457
229.535 2458
229.634 2459
229.732 2460
229.831 2461
229.929 2462
230.028 2463
230.126 2464
230.225 2465
230.323 2466
230.422 2467
230.52 2468
230.619 2469
230.718 2470
230.816 2471
230.915 2472
231.013 2473
231.112 2474
231.21 2475
231.309 2476
231.408 2477
231.506 2478
231.605 2479
231.704 2480
231.802 2481
231.901 2482
232 2483
232.098 2484
232.197 2485
232.295 2486
232.394 2487
232.493 2488
232.592 2489
232.69 2490
232.789 2491
232.888 2492
232.986 2493
233.085 2494
233.184 2495
233.282 2496
233.381 2497
233.48 2498
233.579 2499
233.677 2500
233.776 2501
233.875 2502
233.974 2503
234.072 2504
234.171 2505
234.27 2506
234.369 2507
234.467 2508
234.566 2509
234.665 2510
234.764 2511
234.863 2512
234.961 2513
235.06 2514
235.159 2515
235.258 2516
235.357 2517
235.456 2518
235.554 2519
235.653 2520
235.752 2521
235.851 2522
235.95 2523
236.049 2524
236.148 2525
236.246 2526
236.345 2527
236.444 2528
236.543 2529
236.642 2530
236.741 2531
236.84 2532
236.939 2533
237.038 2534
237.137 2535
237.236 2536
237.334 2537
237.433 2538
237.532 2539
237.631 2540
237.73 2541
237.829 2542
237.928 2543
238.027 2544
238.126 2545
238.225 2546
238.324 2547
238.423 2548
238.522 2549
238.621 2550
238.72 2551
238.819 2552
238.918 2553
239.017 2554
239.116 2555
239.215 2556
239.314 2557
239.413 2558
239.512 2559
239.612 2560
239.711 2561
239.81 2562
239.909 2563
240.008 2564
240.107 2565
240.206 2566
240.305 2567
240.404 2568
240.503 2569
240.603 2570
240.702 2571
240.801 2572
240.9 2573
240.999 2574
241.098 2575
241.197 2576
241.297 2577
241.396 2578
241.495 2579
241.594 2580
241.693 2581
241.792 2582
241.892 2583
241.991 2584
242.09 2585
242.189 2586
242.288 2587
242.388 2588
242.487 2589
242.586 2590
242.685 2591
242.785 2592
242.884 2593
242.983 2594
243.082 2595
243.182 2596
243.281 2597
243.38 2598
243.48 2599
243.579 2600
243.678 2601
243.778 2602
243.877 2603
243.976 2604
244.076 2605
244.175 2606
244.274 2607
244.374 2608
244.473 2609
244.572 2610
244.672 2611
244.771 2612
244.871 2613
244.97 2614
245.069 2615
245.169 2616
245.268 2617
245.368 2618
245.467 2619
245.566 2620
245.666 2621
245.765 2622
245.865 2623
245.964 2624
246.063 2625
246.163 2626
246.262 2627
246.362 2628
246.461 2629
246.561 2630
246.66 2631
246.76 2632
246.859 2633
246.959 2634
247.058 2635
247.158 2636
247.257 2637
247.357 2638
247.456 2639
247.556 2640
247.655 2641
247.755 2642
247.854 2643
247.954 2644
248.054 2645
248.153 2646
248.253 2647
248.352 2648
248.452 2649
248.551 2650
248.651 2651
248.751 2652
248.85 2653
248.95 2654
249.049 2655
249.149 2656
249.249 2657
249.348 2658
249.448 2659
249.548 2660
249.647 2661
249.747 2662
249.847 2663
249.946 2664
250.046 2665
250.146 2666
250.246 2667
250.345 2668
250.445 2669
250.545 2670
250.644 2671
250.744 2672
250.844 2673
250.944 2674
251.043 2675
251.143 2676
251.243 2677
251.343 2678
251.443 2679
251.542 2680
251.642 2681
251.742 2682
251.842 2683
251.942 2684
252.042 2685
252.142 2686
252.241 2687
252.341 2688
252.441 2689
252.541 2690
252.641 2691
252.741 2692
252.841 2693
252.941 2694
253.041 2695
253.141 2696
253.241 2697
253.341 2698
253.441 2699
253.541 2700
253.641 2701
253.741 2702
253.841 2703
253.941 2704
254.041 2705
254.141 2706
254.241 2707
254.341 2708
254.441 2709
254.541 2710
254.641 2711
254.741 2712
254.841 2713
254.941 2714
255.041 2715
255.142 2716
255.242 2717
255.342 2718
255.442 2719
255.542 2720
255.642 2721
255.742 2722
255.842 2723
255.943 2724
256.043 2725
256.143 2726
256.243 2727
256.343 2728
256.443 2729
256.543 2730
256.644 2731
256.744 2732
256.844 2733
256.944 2734
257.044 2735
257.145 2736
257.245 2737
257.345 2738
257.445 2739
257.545 2740
257.646 2741
257.746 2742
257.846 2743
257.946 2744
258.046 2745
258.147 2746
258.247 2747
258.347 2748
258.448 2749
258.548 2750
258.648 2751
258.748 2752
258.849 2753
258.949 2754
259.049 2755
259.15 2756
259.25 2757
259.35 2758
259.45 2759
259.551 2760
259.651 2761
259.752 2762
259.852 2763
259.952 2764
260.053 2765
260.153 2766
260.254 2767
260.354 2768
260.455 2769
260.555 2770
260.656 2771
260.756 2772
260.857 2773
260.957 2774
261.058 2775
261.158 2776
261.259 2777
261.359 2778
261.46 2779
261.56 2780
261.661 2781
261.762 2782
261.862 2783
261.963 2784
262.063 2785
262.164 2786
262.265 2787
262.365 2788
262.466 2789
262.567 2790
262.667 2791
262.768 2792
262.869 2793
262.969 2794
263.07 2795
263.171 2796
263.272 2797
263.372 2798
263.473 2799
263.574 2800
263.675 2801
263.775 2802
263.876 2803
263.977 2804
264.078 2805
264.178 2806
264.279 2807
264.38 2808
264.481 2809
264.582 2810
264.683 2811
264.783 2812
264.884 2813
264.985 2814
265.086 2815
265.187 2816
265.288 2817
265.389 2818
265.49 2819
265.591 2820
265.692 2821
265.793 2822
265.893 2823
265.994 2824
266.095 2825
266.196 2826
266.297 2827
266.399 2828
266.5 2829
266.601 2830
266.702 2831
266.803 2832
266.904 2833
267.005 2834
267.106 2835
267.207 2836
267.308 2837
267.409 2838
267.51 2839
267.611 2840
267.712 2841
267.814 2842
267.915 2843
268.016 2844
268.117 2845
268.218 2846
268.32 2847
268.421 2848
268.522 2849
268.623 2850
268.725 2851
268.826 2852
268.927 2853
269.028 2854
269.13 2855
269.231 2856
269.332 2857
269.434 2858
269.535 2859
269.636 2860
269.738 2861
269.839 2862
269.94 2863
270.042 2864
270.143 2865
270.244 2866
270.346 2867
270.447 2868
270.548 2869
270.65 2870
270.751 2871
270.853 2872
270.954 2873
271.055 2874
271.157 2875
271.258 2876
271.36 2877
271.461 2878
271.562 2879
271.664 2880
271.765 2881
271.867 2882
271.968 2883
272.07 2884
272.171 2885
272.273 2886
272.374 2887
272.476 2888
272.577 2889
272.679 2890
272.78 2891
272.882 2892
272.983 2893
273.085 2894
273.186 2895
273.288 2896
273.389 2897
273.491 2898
273.592 2899
273.694 2900
273.796 2901
273.897 2902
273.999 2903
274.101 2904
274.202 2905
274.304 2906
274.406 2907
274.507 2908
274.609 2909
274.711 2910
274.813 2911
274.914 2912
275.016 2913
275.118 2914
275.22 2915
275.321 2916
275.423 2917
275.525 2918
275.627 2919
275.728 2920
275.83 2921
275.932 2922
276.034 2923
276.136 2924
276.238 2925
276.34 2926
276.442 2927
276.543 2928
276.645 2929
276.747 2930
276.849 2931
276.951 2932
277.053 2933
277.155 2934
277.257 2935
277.359 2936
277.461 2937
277.563 2938
277.665 2939
277.767 2940
277.869 2941
277.971 2942
278.073 2943
278.175 2944
278.277 2945
278.379 2946
278.481 2947
278.583 2948
278.685 2949
278.788 2950
278.89 2951
278.992 2952
279.094 2953
279.196 2954
279.298 2955
279.4 2956
279.503 2957
279.605 2958
279.707 2959
279.809 2960
279.911 2961
280.013 2962
280.116 2963
280.218 2964
280.32 2965
280.422 2966
280.525 2967
280.627 2968
280.729 2969
280.831 2970
280.934 2971
281.036 2972
281.138 2973
281.241 2974
281.343 2975
281.446 2976
281.548 2977
281.65 2978
281.753 2979
281.855 2980
281.958 2981
282.06 2982
282.163 2983
282.265 2984
282.368 2985
282.47 2986
282.573 2987
282.675 2988
282.778 2989
282.88 2990
282.983 2991
283.086 2992
283.188 2993
283.291 2994
283.394 2995
283.496 2996
283.599 2997
283.702 2998
283.804 2999
283.907 3000
284.01 3001
284.112 3002
284.215 3003
284.318 3004
284.421 3005
284.523 3006
284.626 3007
284.729 3008
284.832 3009
284.934 3010
285.037 3011
285.14 3012
285.243 3013
285.346 3014
285.449 3015
285.551 3016
285.654 3017
285.757 3018
285.86 3019
285.963 3020
286.066 3021
286.169 3022
286.271 3023
286.374 3024
286.477 3025
286.58 3026
286.683 3027
286.786 3028
286.889 3029
286.992 3030
287.095 3031
287.198 3032
287.301 3033
287.404 3034
287.507 3035
287.61 3036
287.713 3037
287.816 3038
287.919 3039
288.022 3040
288.125 3041
288.228 3042
288.331 3043
288.435 3044
288.538 3045
288.641 3046
288.744 3047
288.847 3048
288.95 3049
289.053 3050
289.157 3051
289.26 3052
289.363 3053
289.466 3054
289.569 3055
289.673 3056
289.776 3057
289.879 3058
289.982 3059
290.086 3060
290.189 3061
290.292 3062
290.395 3063
290.499 3064
290.602 3065
290.705 3066
290.809 3067
290.912 3068
291.015 3069
291.119 3070
291.222 3071
291.325 3072
291.429 3073
291.532 3074
291.635 3075
291.739 3076
291.842 3077
291.946 3078
292.049 3079
292.153 3080
292.256 3081
292.36 3082
292.463 3083
292.567 3084
292.67 3085
292.774 3086
292.877 3087
292.981 3088
293.084 3089
293.188 3090
293.291 3091
293.395 3092
293.499 3093
293.602 3094
293.706 3095
293.809 3096
293.913 3097
294.017 3098
294.12 3099
294.224 3100
294.328 3101
294.432 3102
294.535 3103
294.639 3104
294.743 3105
294.846 3106
294.95 3107
295.054 3108
295.158 3109
295.262 3110
295.365 3111
295.469 3112
295.573 3113
295.677 3114
295.781 3115
295.884 3116
295.988 3117
296.092 3118
296.196 3119
296.3 3120
296.404 3121
296.508 3122
296.612 3123
296.715 3124
296.819 3125
296.923 3126
297.027 3127
297.131 3128
297.235 3129
297.339 3130
297.443 3131
297.547 3132
297.651 3133
297.755 3134
297.859 3135
297.963 3136
298.067 3137
298.171 3138
298.275 3139
298.379 3140
298.483 3141
298.588 3142
298.692 3143
298.796 3144
298.9 3145
299.004 3146
299.108 3147
299.212 3148
299.317 3149
299.421 3150
299.525 3151
299.629 3152
299.733 3153
299.838 3154
299.942 3155
300.046 3156
300.15 3157
300.254 3158
300.359 3159
300.463 3160
300.567 3161
300.671 3162
300.776 3163
300.88 3164
300.984 3165
301.088 3166
301.193 3167
301.297 3168
301.401 3169
301.506 3170
301.61 3171
301.714 3172
301.819 3173
301.923 3174
302.028 3175
302.132 3176
302.237 3177
302.341 3178
302.446 3179
302.55 3180
302.655 3181
302.759 3182
302.864 3183
302.968 3184
303.073 3185
303.177 3186
303.282 3187
303.387 3188
303.491 3189
303.596 3190
303.7 3191
303.805 3192
303.91 3193
304.015 3194
304.119 3195
304.224 3196
304.329 3197
304.434 3198
304.539 3199
304.643 3200
304.748 3201
304.853 3202
304.958 3203
305.063 3204
305.168 3205
305.273 3206
305.378 3207
305.483 3208
305.588 3209
305.693 3210
305.798 3211
305.903 3212
306.008 3213
306.113 3214
306.218 3215
306.323 3216
306.428 3217
306.533 3218
306.638 3219
306.743 3220
306.848 3221
306.953 3222
307.059 3223
307.164 3224
307.269 3225
307.374 3226
307.479 3227
307.585 3228
307.69 3229
307.795 3230
307.9 3231
308.006 3232
308.111 3233
308.216 3234
308.321 3235
308.427 3236
308.532 3237
308.637 3238
308.743 3239
308.848 3240
308.953 3241
309.059 3242
309.164 3243
309.269 3244
309.375 3245
309.48 3246
309.586 3247
309.691 3248
309.797 3249
309.902 3250
310.008 3251
310.113 3252
310.219 3253
310.324 3254
310.43 3255
310.535 3256
310.641 3257
310.747 3258
310.852 3259
310.958 3260
311.064 3261
311.17 3262
311.276 3263
311.381 3264
311.487 3265
311.593 3266
311.699 3267
311.805 3268
311.911 3269
312.017 3270
312.123 3271
312.229 3272
312.335 3273
312.441 3274
312.548 3275
312.654 3276
312.76 3277
312.866 3278
312.973 3279
313.079 3280
313.185 3281
313.292 3282
313.398 3283
313.505 3284
313.611 3285
313.718 3286
313.824 3287
313.93 3288
314.037 3289
314.144 3290
314.25 3291
314.357 3292
314.463 3293
314.57 3294
314.676 3295
314.783 3296
314.89 3297
314.996 3298
315.103 3299
315.209 3300
315.316 3301
315.423 3302
315.529 3303
315.636 3304
315.743 3305
315.849 3306
315.956 3307
316.063 3308
316.17 3309
316.276 3310
316.383 3311
316.49 3312
316.597 3313
316.704 3314
316.81 3315
316.917 3316
317.024 3317
317.131 3318
317.238 3319
317.345 3320
317.452 3321
317.559 3322
317.666 3323
317.773 3324
317.88 3325
317.987 3326
318.094 3327
318.201 3328
318.308 3329
318.415 3330
318.522 3331
318.629 3332
318.736 3333
318.843 3334
318.951 3335
319.058 3336
319.165 3337
319.273 3338
319.38 3339
319.487 3340
319.594 3341
319.702 3342
319.809 3343
319.917 3344
320.024 3345
320.131 3346
320.239 3347
320.346 3348
320.454 3349
320.561 3350
320.668 3351
320.776 3352
320.883 3353
320.991 3354
321.099 3355
321.206 3356
321.314 3357
321.422 3358
321.529 3359
321.637 3360
321.745 3361
321.853 3362
321.96 3363
322.068 3364
322.176 3365
322.284 3366
322.392 3367
322.5 3368
322.608 3369
322.717 3370
322.825 3371
322.933 3372
323.041 3373
323.149 3374
323.258 3375
323.366 3376
323.474 3377
323.583 3378
323.691 3379
323.8 3380
323.908 3381
324.016 3382
324.125 3383
324.233 3384
324.342 3385
324.45 3386
324.559 3387
324.667 3388
324.776 3389
324.884 3390
324.993 3391
325.101 3392
325.21 3393
325.319 3394
325.427 3395
325.536 3396
325.644 3397
325.753 3398
325.862 3399
325.971 3400
326.079 3401
326.188 3402
326.297 3403
326.406 3404
326.515 3405
326.623 3406
326.732 3407
326.841 3408
326.95 3409
327.059 3410
327.168 3411
327.277 3412
327.386 3413
327.495 3414
327.604 3415
327.713 3416
327.822 3417
327.931 3418
328.04 3419
328.149 3420
328.258 3421
328.367 3422
328.476 3423
328.586 3424
328.695 3425
328.804 3426
328.913 3427
329.023 3428
329.132 3429
329.241 3430
329.351 3431
329.46 3432
329.569 3433
329.679 3434
329.788 3435
329.897 3436
330.007 3437
330.116 3438
330.226 3439
330.335 3440
330.444 3441
330.554 3442
330.664 3443
330.773 3444
330.883 3445
330.992 3446
331.102 3447
331.212 3448
331.321 3449
331.431 3450
331.541 3451
331.65 3452
331.76 3453
331.87 3454
331.98 3455
332.09 3456
332.199 3457
332.309 3458
332.419 3459
332.529 3460
332.639 3461
332.749 3462
332.859 3463
332.969 3464
333.079 3465
333.189 3466
333.299 3467
333.409 3468
333.519 3469
333.629 3470
333.739 3471
333.849 3472
333.959 3473
334.069 3474
334.179 3475
334.29 3476
334.4 3477
334.51 3478
334.62 3479
334.731 3480
334.841 3481
334.951 3482
335.062 3483
335.172 3484
335.283 3485
335.393 3486
335.504 3487
335.615 3488
335.725 3489
335.836 3490
335.947 3491
336.058 3492
336.169 3493
336.28 3494
336.391 3495
336.502 3496
336.613 3497
336.724 3498
336.835 3499
336.946 3500
337.057 3501
337.168 3502
337.28 3503
337.391 3504
337.502 3505
337.613 3506
337.724 3507
337.836 3508
337.947 3509
338.058 3510
338.17 3511
338.281 3512
338.393 3513
338.504 3514
338.616 3515
338.727 3516
338.839 3517
338.951 3518
339.062 3519
339.174 3520
339.286 3521
339.397 3522
339.509 3523
339.621 3524
339.733 3525
339.845 3526
339.956 3527
340.068 3528
340.18 3529
340.292 3530
340.404 3531
340.516 3532
340.628 3533
340.74 3534
340.852 3535
340.964 3536
341.076 3537
341.188 3538
341.301 3539
341.413 3540
341.525 3541
341.637 3542
341.75 3543
341.862 3544
341.975 3545
342.087 3546
342.2 3547
342.312 3548
342.425 3549
342.537 3550
342.65 3551
342.763 3552
342.876 3553
342.988 3554
343.101 3555
343.214 3556
343.327 3557
343.44 3558
343.553 3559
343.667 3560
343.78 3561
343.893 3562
344.006 3563
344.119 3564
344.232 3565
344.346 3566
344.459 3567
344.572 3568
344.686 3569
344.799 3570
344.913 3571
345.026 3572
345.14 3573
345.253 3574
345.367 3575
345.48 3576
345.594 3577
345.707 3578
345.821 3579
345.935 3580
346.048 3581
346.162 3582
346.276 3583
346.39 3584
346.504 3585
346.617 3586
346.731 3587
346.845 3588
346.959 3589
347.073 3590
347.187 3591
347.301 3592
347.415 3593
347.529 3594
347.643 3595
347.757 3596
347.872 3597
347.986 3598
348.1 3599
348.215 3600
348.329 3601
348.443 3602
348.558 3603
348.672 3604
348.786 3605
348.901 3606
349.015 3607
349.13 3608
349.244 3609
349.359 3610
349.473 3611
349.588 3612
349.702 3613
349.817 3614
349.931 3615
350.046 3616
350.161 3617
350.275 3618
350.39 3619
350.504 3620
350.619 3621
350.734 3622
350.849 3623
350.963 3624
351.078 3625
351.193 3626
351.308 3627
351.423 3628
351.538 3629
351.652 3630
351.767 3631
351.882 3632
351.997 3633
352.112 3634
352.227 3635
352.342 3636
352.458 3637
352.573 3638
352.688 3639
352.803 3640
352.919 3641
353.034 3642
353.15 3643
353.265 3644
353.381 3645
353.496 3646
353.612 3647
353.727 3648
353.843 3649
353.959 3650
354.074 3651
354.19 3652
354.306 3653
354.422 3654
354.538 3655
354.654 3656
354.77 3657
354.886 3658
355.002 3659
355.118 3660
355.234 3661
355.351 3662
355.467 3663
355.583 3664
355.699 3665
355.816 3666
355.932 3667
356.048 3668
356.165 3669
356.281 3670
356.398 3671
356.514 3672
356.631 3673
356.747 3674
356.864 3675
356.98 3676
357.097 3677
357.213 3678
357.33 3679
357.447 3680
357.564 3681
357.68 3682
357.797 3683
357.914 3684
358.031 3685
358.148 3686
358.265 3687
358.382 3688
358.499 3689
358.616 3690
358.733 3691
358.85 3692
358.967 3693
359.084 3694
359.201 3695
359.319 3696
359.436 3697
359.554 3698
359.671 3699
359.789 3700
359.907 3701
360.025 3702
360.143 3703
360.261 3704
360.379 3705
360.497 3706
360.616 3707
360.734 3708
360.852 3709
360.971 3710
361.089 3711
361.207 3712
361.326 3713
361.444 3714
361.563 3715
361.681 3716
361.8 3717
361.919 3718
362.037 3719
362.156 3720
362.275 3721
362.394 3722
362.513 3723
362.632 3724
362.751 3725
362.87 3726
362.989 3727
363.108 3728
363.227 3729
363.346 3730
363.465 3731
363.584 3732
363.704 3733
363.823 3734
363.942 3735
364.062 3736
364.181 3737
364.301 3738
364.42 3739
364.54 3740
364.66 3741
364.78 3742
364.899 3743
365.019 3744
365.139 3745
365.259 3746
365.379 3747
365.499 3748
365.619 3749
365.739 3750
365.859 3751
365.98 3752
366.1 3753
366.22 3754
366.341 3755
366.461 3756
366.582 3757
366.702 3758
366.823 3759
366.944 3760
367.064 3761
367.185 3762
367.306 3763
367.427 3764
367.548 3765
367.669 3766
367.79 3767
367.911 3768
368.032 3769
368.153 3770
368.275 3771
368.396 3772
368.518 3773
368.64 3774
368.762 3775
368.884 3776
369.006 3777
369.128 3778
369.25 3779
369.373 3780
369.495 3781
369.618 3782
369.74 3783
369.862 3784
369.985 3785
370.108 3786
370.23 3787
370.353 3788
370.476 3789
370.599 3790
370.722 3791
370.845 3792
370.968 3793
371.091 3794
371.215 3795
371.339 3796
371.463 3797
371.587 3798
371.711 3799
371.835 3800
371.959 3801
372.083 3802
372.208 3803
372.332 3804
372.456 3805
372.581 3806
372.705 3807
372.83 3808
372.955 3809
373.08 3810
373.205 3811
373.329 3812
373.455 3813
373.58 3814
373.705 3815
373.83 3816
373.956 3817
374.081 3818
374.207 3819
374.332 3820
374.458 3821
374.584 3822
374.71 3823
374.836 3824
374.962 3825
375.088 3826
375.214 3827
375.341 3828
375.467 3829
375.594 3830
375.72 3831
375.847 3832
375.974 3833
376.101 3834
376.227 3835
376.354 3836
376.481 3837
376.608 3838
376.735 3839
376.863 3840
376.99 3841
377.117 3842
377.245 3843
377.373 3844
377.501 3845
377.629 3846
377.757 3847
377.885 3848
378.013 3849
378.141 3850
378.269 3851
378.397 3852
378.526 3853
378.654 3854
378.783 3855
378.912 3856
379.041 3857
379.17 3858
379.299 3859
379.428 3860
379.558 3861
379.687 3862
379.817 3863
379.947 3864
380.076 3865
380.206 3866
380.336 3867
380.466 3868
380.596 3869
380.726 3870
380.856 3871
380.987 3872
381.117 3873
381.248 3874
381.378 3875
381.509 3876
381.639 3877
381.77 3878
381.901 3879
382.032 3880
382.163 3881
382.294 3882
382.426 3883
382.558 3884
382.69 3885
382.822 3886
382.954 3887
383.086 3888
383.218 3889
383.35 3890
383.482 3891
383.615 3892
383.747 3893
383.88 3894
384.012 3895
384.145 3896
384.278 3897
384.411 3898
384.544 3899
384.677 3900
384.811 3901
384.944 3902
385.078 3903
385.212 3904
385.346 3905
385.48 3906
385.614 3907
385.749 3908
385.883 3909
386.018 3910
386.153 3911
386.288 3912
386.423 3913
386.558 3914
386.694 3915
386.83 3916
386.966 3917
387.102 3918
387.238 3919
387.374 3920
387.51 3921
387.646 3922
387.782 3923
387.918 3924
388.054 3925
388.191 3926
388.328 3927
388.466 3928
388.604 3929
388.742 3930
388.88 3931
389.018 3932
389.157 3933
389.295 3934
389.434 3935
389.573 3936
389.712 3937
389.85 3938
389.99 3939
390.129 3940
390.268 3941
390.408 3942
390.549 3943
390.689 3944
390.83 3945
390.97 3946
391.111 3947
391.252 3948
391.392 3949
391.533 3950
391.675 3951
391.816 3952
391.958 3953
392.1 3954
392.242 3955
392.384 3956
392.526 3957
392.669 3958
392.811 3959
392.953 3960
393.095 3961
393.238 3962
393.381 3963
393.524 3964
393.668 3965
393.812 3966
393.956 3967
394.1 3968
394.245 3969
394.389 3970
394.534 3971
394.679 3972
394.824 3973
394.969 3974
395.114 3975
395.259 3976
395.405 3977
395.55 3978
395.695 3979
395.841 3980
395.987 3981
396.133 3982
396.279 3983
396.425 3984
396.572 3985
396.718 3986
396.865 3987
397.012 3988
397.159 3989
397.306 3990
397.453 3991
397.601 3992
397.748 3993
397.897 3994
398.045 3995
398.194 3996
398.343 3997
398.492 3998
398.641 3999
398.791 4000
398.941 4001
399.091 4002
399.241 4003
399.392 4004
399.543 4005
399.694 4006
399.845 4007
399.997 4008
400.149 4009
400.303 4010
400.457 4011
400.611 4012
400.766 4013
400.921 4014
401.077 4015
401.233 4016
401.39 4017
401.547 4018
401.705 4019
401.863 4020
402.022 4021
402.181 4022
402.34 4023
402.5 4024
402.66 4025
402.82 4026
402.981 4027
403.142 4028
403.304 4029
403.466 4030
403.628 4031
403.79 4032
403.953 4033
404.116 4034
404.279 4035
404.443 4036
404.606 4037
404.77 4038
404.934 4039
405.098 4040
405.263 4041
405.428 4042
405.593 4043
405.758 4044
405.923 4045
406.088 4046
406.254 4047
406.42 4048
406.586 4049
406.752 4050
406.918 4051
407.084 4052
407.25 4053
407.417 4054
407.584 4055
407.751 4056
407.918 4057
408.087 4058
408.256 4059
408.424 4060
408.594 4061
408.763 4062
408.934 4063
409.105 4064
409.277 4065
409.448 4066
409.62 4067
409.792 4068
409.964 4069
410.137 4070
410.31 4071
410.483 4072
410.657 4073
410.832 4074
411.007 4075
411.182 4076
411.357 4077
411.532 4078
411.708 4079
411.884 4080
412.061 4081
412.237 4082
412.414 4083
412.591 4084
412.77 4085
412.95 4086
413.129 4087
413.309 4088
413.489 4089
413.67 4090
413.85 4091
414.031 4092
414.213 4093
414.394 4094
414.576 4095
414.759 4096
414.942 4097
415.126 4098
415.309 4099
415.493 4100
415.678 4101
415.862 4102
416.049 4103
416.235 4104
416.422 4105
416.611 4106
416.799 4107
416.988 4108
417.177 4109
417.367 4110
417.558 4111
417.75 4112
417.942 4113
418.134 4114
418.326 4115
418.519 4116
418.712 4117
418.905 4118
419.099 4119
419.292 4120
419.485 4121
419.681 4122
419.876 4123
420.072 4124
420.268 4125
420.464 4126
420.66 4127
420.857 4128
421.053 4129
421.25 4130
421.448 4131
421.645 4132
421.843 4133
422.043 4134
422.242 4135
422.444 4136
422.645 4137
422.848 4138
423.05 4139
423.253 4140
423.457 4141
423.66 4142
423.865 4143
424.069 4144
424.275 4145
424.48 4146
424.686 4147
424.892 4148
425.1 4149
425.309 4150
425.519 4151
425.729 4152
425.939 4153
426.151 4154
426.363 4155
426.577 4156
426.791 4157
427.005 4158
427.219 4159
427.433 4160
427.648 4161
427.863 4162
428.079 4163
428.294 4164
428.509 4165
428.726 4166
428.944 4167
429.161 4168
429.379 4169
429.597 4170
429.815 4171
430.033 4172
430.252 4173
430.471 4174
430.69 4175
430.91 4176
431.13 4177
431.35 4178
431.571 4179
431.792 4180
432.013 4181
432.234 4182
432.455 4183
432.677 4184
432.899 4185
433.122 4186
433.344 4187
433.567 4188
433.791 4189
434.014 4190
434.239 4191
434.464 4192
434.689 4193
434.914 4194
435.139 4195
435.365 4196
435.592 4197
435.819 4198
436.046 4199
436.273 4200
436.501 4201
436.731 4202
436.964 4203
437.197 4204
437.432 4205
437.668 4206
437.905 4207
438.143 4208
438.384 4209
438.627 4210
438.871 4211
439.115 4212
439.361 4213
439.608 4214
439.855 4215
440.106 4216
440.359 4217
440.619 4218
440.88 4219
441.142 4220
441.406 4221
441.67 4222
441.935 4223
442.2 4224
442.466 4225
442.732 4226
442.998 4227
443.267 4228
443.535 4229
443.805 4230
444.075 4231
444.346 4232
444.62 4233
444.894 4234
445.17 4235
445.446 4236
445.722 4237
446.001 4238
446.28 4239
446.559 4240
446.842 4241
447.125 4242
447.409 4243
447.693 4244
447.98 4245
448.269 4246
448.559 4247
448.851 4248
449.144 4249
449.437 4250
449.737 4251
450.038 4252
450.341 4253
450.644 4254
450.947 4255
451.251 4256
451.557 4257
451.864 4258
452.172 4259
452.482 4260
452.792 4261
453.103 4262
453.415 4263
453.727 4264
454.042 4265
454.358 4266
454.674 4267
454.993 4268
455.312 4269
455.637 4270
455.964 4271
456.292 4272
456.62 4273
456.949 4274
457.281 4275
457.616 4276
457.951 4277
458.286 4278
458.624 4279
458.963 4280
459.303 4281
459.643 4282
459.983 4283
460.323 4284
460.664 4285
461.005 4286
461.351 4287
461.696 4288
462.042 4289
462.388 4290
462.734 4291
463.08 4292
463.433 4293
463.786 4294
464.14 4295
464.495 4296
464.85 4297
465.207 4298
465.566 4299
465.928 4300
466.29 4301
466.654 4302
467.018 4303
467.39 4304
467.767 4305
468.148 4306
468.53 4307
468.914 4308
469.302 4309
469.694 4310
470.088 4311
470.482 4312
470.883 4313
471.297 4314
471.718 4315
472.139 4316
472.561 4317
472.987 4318
473.431 4319
473.879 4320
474.339 4321
474.811 4322
475.333 4323
475.861 4324
476.394 4325
476.945 4326
477.499 4327
478.058 4328
478.623 4329
479.191 4330
479.759 4331
480.328 4332
480.898 4333
481.471 4334
482.049 4335
482.627 4336
483.206 4337
483.787 4338
484.369 4339
484.967 4340
485.568 4341
486.168 4342
486.777 4343
487.389 4344
488.009 4345
488.676 4346
489.359 4347
490.057 4348
490.766 4349
491.482 4350
492.211 4351
492.96 4352
493.71 4353
494.461 4354
495.212 4355
495.967 4356
496.732 4357
497.507 4358
498.328 4359
499.181 4360
500.037 4361
500.896 4362
501.759 4363
502.659 4364
503.603 4365
504.569 4366
505.542 4367
506.516 4368
507.518 4369
508.521 4370
509.525 4371
510.533 4372
511.546 4373
512.563 4374
513.625 4375
514.736 4376
515.895 4377
517.065 4378
518.247 4379
519.435 4380
520.648 4381
521.899 4382
523.341 4383
524.825 4384
526.36 4385
527.989 4386
529.63 4387
531.291 4388
533.013 4389
535.324 4390
537.639 4391
540.044 4392
542.603 4393
546.546 4394
550.497 4395
554.801 4396
559.476 4397
565.564 4398
571.654 4399
577.775 4400
587.687 4401
598.293 4402
611.186 4403
663.295 4404
