7.124e-06 1
1.4737e-05 2
2.2419e-05 3
3.0381e-05 4
3.8343e-05 5
4.6305e-05 6
5.4337e-05 7
6.2369e-05 8
7.0401e-05 9
7.8573e-05 10
8.6954e-05 11
9.5474e-05 12
0.000103994 13
0.000112515 14
0.000121036 15
0.000129557 16
0.000138078 17
0.000146599 18
0.000155189 19
0.00016385 20
0.00017272 21
0.000181659 22
0.000190598 23
0.000199538 24
0.000208478 25
0.000217418 26
0.000226358 27
0.000235367 28
0.000244376 29
0.000253385 30
0.000262395 31
0.000271405 32
0.000280484 33
0.000289563 34
0.000298642 35
0.000307721 36
0.00031687 37
0.00032602 38
0.000335378 39
0.000344736 40
0.000354165 41
0.000363663 42
0.000373161 43
0.000382729 44
0.000392297 45
0.000401866 46
0.000411504 47
0.000421143 48
0.000430851 49
0.000440559 50
0.000450407 51
0.000460464 52
0.000470591 53
0.000480718 54
0.000491054 55
0.000501461 56
0.000511937 57
0.000522413 58
0.000532959 59
0.000543575 60
0.000554191 61
0.000565016 62
0.000575911 63
0.000586806 64
0.000597771 65
0.000608806 66
0.000620051 67
0.000631296 68
0.00064268 69
0.000654064 70
0.000665518 71
0.000677111 72
0.000688984 73
0.000700927 74
0.000712939 75
0.000724952 76
0.000737035 77
0.000749188 78
0.00076148 79
0.000773981 80
0.000786483 81
0.000799055 82
0.000811906 83
0.000824827 84
0.000837748 85
0.000850808 86
0.000864077 87
0.000877417 88
0.000890896 89
0.000904376 90
0.000918065 91
0.000932452 92
0.000947258 93
0.000962204 94
0.00097736 95
0.000992516 96
0.00100823 97
0.00102499 98
0.00104224 99
0.00105984 100
0.00107891 101
0.00109854 102
0.00112298 103
0.00115685 104
0.00119401 105
0.00125051 106
0.0842138 107
0.169385 108
0.255283 109
0.341199 110
0.427413 111
0.513675 112
0.6002 113
0.687073 114
0.774011 115
0.860952 116
0.947934 117
1.03513 118
1.12236 119
1.20966 120
1.29702 121
1.38445 122
1.47197 123
1.55973 124
1.64754 125
1.73541 126
1.8234 127
1.91139 128
1.99954 129
2.08775 130
2.1761 131
2.26445 132
2.35286 133
2.44133 134
2.52979 135
2.61829 136
2.70681 137
2.79539 138
2.88402 139
2.97268 140
3.06138 141
3.15011 142
3.23887 143
3.32766 144
3.41651 145
3.50538 146
3.59425 147
3.68313 148
3.77202 149
3.861 150
3.95003 151
4.03909 152
4.12816 153
4.21724 154
4.30634 155
4.39546 156
4.48459 157
4.57384 158
4.66312 159
4.75241 160
4.84173 161
4.93105 162
5.02037 163
5.10971 164
5.19908 165
5.28847 166
5.37786 167
5.46737 168
5.5569 169
5.64648 170
5.73608 171
5.82571 172
5.91537 173
6.00507 174
6.09482 175
6.18457 176
6.27433 177
6.36422 178
6.45412 179
6.54404 180
6.63397 181
6.72394 182
6.81392 183
6.90393 184
6.99395 185
7.08397 186
7.17399 187
7.26405 188
7.35416 189
7.44429 190
7.53444 191
7.62459 192
7.71473 193
7.8049 194
7.89513 195
7.98538 196
8.07565 197
8.16593 198
8.2562 199
8.3465 200
8.43682 201
8.52714 202
8.61747 203
8.70782 204
8.79818 205
8.88855 206
8.97892 207
9.06931 208
9.15972 209
9.25015 210
9.34061 211
9.43109 212
9.52158 213
9.61212 214
9.70267 215
9.79323 216
9.88381 217
9.97442 218
10.065 219
10.1557 220
10.2463 221
10.3369 222
10.4276 223
10.5183 224
10.609 225
10.6997 226
10.7904 227
10.8811 228
10.972 229
11.0628 230
11.1536 231
11.2445 232
11.3354 233
11.4263 234
11.5172 235
11.6081 236
11.699 237
11.79 238
11.881 239
11.972 240
12.063 241
12.154 242
12.245 243
12.3361 244
12.4272 245
12.5183 246
12.6095 247
12.7006 248
12.7918 249
12.883 250
12.9742 251
13.0654 252
13.1567 253
13.248 254
13.3393 255
13.4307 256
13.522 257
13.6134 258
13.7048 259
13.7962 260
13.8876 261
13.979 262
14.0705 263
14.1619 264
14.2533 265
14.3448 266
14.4362 267
14.5277 268
14.6192 269
14.7107 270
14.8022 271
14.8937 272
14.9853 273
15.0768 274
15.1683 275
15.2599 276
15.3514 277
15.443 278
15.5346 279
15.6262 280
15.7178 281
15.8094 282
15.901 283
15.9926 284
16.0843 285
16.1759 286
16.2675 287
16.3592 288
16.4508 289
16.5425 290
16.6341 291
16.7258 292
16.8175 293
16.9092 294
17.0009 295
17.0926 296
17.1843 297
17.2761 298
17.3678 299
17.4595 300
17.5512 301
17.643 302
17.7347 303
17.8265 304
17.9182 305
18.01 306
18.1018 307
18.1935 308
18.2853 309
18.3771 310
18.4689 311
18.5607 312
18.6525 313
18.7443 314
18.8361 315
18.928 316
19.0198 317
19.1117 318
19.2035 319
19.2954 320
19.3873 321
19.4792 322
19.5711 323
19.663 324
19.7549 325
19.8468 326
19.9388 327
20.0307 328
20.1227 329
20.2147 330
20.3067 331
20.3986 332
20.4906 333
20.5826 334
20.6746 335
20.7666 336
20.8586 337
20.9506 338
21.0426 339
21.1347 340
21.2267 341
21.3187 342
21.4108 343
21.5028 344
21.5949 345
21.6869 346
21.779 347
21.8711 348
21.9632 349
22.0553 350
22.1474 351
22.2395 352
22.3316 353
22.4237 354
22.5158 355
22.6079 356
22.7001 357
22.7923 358
22.8844 359
22.9766 360
23.0688 361
23.161 362
23.2532 363
23.3455 364
23.4377 365
23.5299 366
23.6221 367
23.7144 368
23.8066 369
23.8989 370
23.9911 371
24.0834 372
24.1757 373
24.268 374
24.3603 375
24.4526 376
24.5449 377
24.6373 378
24.7296 379
24.822 380
24.9143 381
25.0067 382
25.0991 383
25.1914 384
25.2838 385
25.3762 386
25.4686 387
25.561 388
25.6534 389
25.7458 390
25.8383 391
25.9307 392
26.0231 393
26.1156 394
26.208 395
26.3005 396
26.393 397
26.4855 398
26.578 399
26.6705 400
26.763 401
26.8555 402
26.9481 403
27.0406 404
27.1332 405
27.2257 406
27.3183 407
27.4109 408
27.5035 409
27.5961 410
27.6886 411
27.7812 412
27.8738 413
27.9664 414
28.0591 415
28.1517 416
28.2443 417
28.3369 418
28.4295 419
28.5222 420
28.6148 421
28.7075 422
28.8001 423
28.8928 424
28.9854 425
29.0781 426
29.1708 427
29.2635 428
29.3561 429
29.4488 430
29.5415 431
29.6342 432
29.7269 433
29.8196 434
29.9123 435
30.005 436
30.0977 437
30.1905 438
30.2833 439
30.3761 440
30.4689 441
30.5617 442
30.6545 443
30.7473 444
30.8402 445
30.933 446
31.0258 447
31.1187 448
31.2115 449
31.3044 450
31.3972 451
31.4901 452
31.583 453
31.6759 454
31.7688 455
31.8617 456
31.9546 457
32.0475 458
32.1405 459
32.2334 460
32.3264 461
32.4194 462
32.5124 463
32.6054 464
32.6984 465
32.7915 466
32.8846 467
32.9776 468
33.0707 469
33.1637 470
33.2568 471
33.3499 472
33.443 473
33.5361 474
33.6291 475
33.7222 476
33.8153 477
33.9084 478
34.0015 479
34.0946 480
34.1878 481
34.2809 482
34.374 483
34.4671 484
34.5603 485
34.6535 486
34.7466 487
34.8398 488
34.933 489
35.0261 490
35.1193 491
35.2125 492
35.3057 493
35.3988 494
35.492 495
35.5852 496
35.6784 497
35.7716 498
35.8648 499
35.9581 500
36.0513 501
36.1446 502
36.2378 503
36.3311 504
36.4244 505
36.5177 506
36.611 507
36.7043 508
36.7976 509
36.8909 510
36.9842 511
37.0776 512
37.1709 513
37.2643 514
37.3576 515
37.451 516
37.5444 517
37.6377 518
37.7311 519
37.8245 520
37.9179 521
38.0113 522
38.1047 523
38.1981 524
38.2915 525
38.385 526
38.4784 527
38.5718 528
38.6653 529
38.7588 530
38.8522 531
38.9457 532
39.0392 533
39.1326 534
39.2261 535
39.3196 536
39.4131 537
39.5066 538
39.6001 539
39.6936 540
39.7871 541
39.8806 542
39.9741 543
40.0676 544
40.1611 545
40.2547 546
40.3482 547
40.4418 548
40.5354 549
40.629 550
40.7225 551
40.8161 552
40.9097 553
41.0033 554
41.0969 555
41.1906 556
41.2842 557
41.3778 558
41.4714 559
41.565 560
41.6587 561
41.7523 562
41.846 563
41.9397 564
42.0333 565
42.127 566
42.2207 567
42.3144 568
42.4081 569
42.5018 570
42.5955 571
42.6892 572
42.783 573
42.8767 574
42.9705 575
43.0643 576
43.1581 577
43.2519 578
43.3457 579
43.4395 580
43.5333 581
43.6271 582
43.721 583
43.8148 584
43.9087 585
44.0025 586
44.0964 587
44.1902 588
44.2841 589
44.378 590
44.4719 591
44.5657 592
44.6596 593
44.7535 594
44.8474 595
44.9414 596
45.0353 597
45.1292 598
45.2231 599
45.3171 600
45.411 601
45.5049 602
45.5989 603
45.6928 604
45.7868 605
45.8807 606
45.9747 607
46.0686 608
46.1626 609
46.2566 610
46.3506 611
46.4446 612
46.5386 613
46.6326 614
46.7266 615
46.8206 616
46.9146 617
47.0086 618
47.1027 619
47.1967 620
47.2907 621
47.3848 622
47.4788 623
47.5729 624
47.6669 625
47.761 626
47.855 627
47.9491 628
48.0432 629
48.1372 630
48.2313 631
48.3254 632
48.4196 633
48.5137 634
48.6078 635
48.7019 636
48.7961 637
48.8902 638
48.9844 639
49.0786 640
49.1727 641
49.2669 642
49.3611 643
49.4553 644
49.5494 645
49.6436 646
49.7378 647
49.832 648
49.9262 649
50.0205 650
50.1147 651
50.2089 652
50.3031 653
50.3974 654
50.4916 655
50.5859 656
50.6802 657
50.7744 658
50.8687 659
50.963 660
51.0572 661
51.1515 662
51.2458 663
51.3401 664
51.4344 665
51.5288 666
51.6231 667
51.7174 668
51.8117 669
51.906 670
52.0003 671
52.0947 672
52.189 673
52.2834 674
52.3777 675
52.4721 676
52.5664 677
52.6608 678
52.7551 679
52.8495 680
52.9439 681
53.0383 682
53.1327 683
53.2271 684
53.3214 685
53.4159 686
53.5103 687
53.6047 688
53.6992 689
53.7936 690
53.888 691
53.9825 692
54.0769 693
54.1714 694
54.2659 695
54.3604 696
54.4549 697
54.5494 698
54.6439 699
54.7384 700
54.8328 701
54.9274 702
55.0219 703
55.1164 704
55.2109 705
55.3054 706
55.3999 707
55.4945 708
55.589 709
55.6836 710
55.7781 711
55.8727 712
55.9672 713
56.0618 714
56.1564 715
56.251 716
56.3455 717
56.4401 718
56.5347 719
56.6294 720
56.724 721
56.8186 722
56.9133 723
57.0079 724
57.1026 725
57.1973 726
57.292 727
57.3866 728
57.4813 729
57.576 730
57.6707 731
57.7654 732
57.8601 733
57.9549 734
58.0496 735
58.1444 736
58.2391 737
58.3339 738
58.4287 739
58.5235 740
58.6183 741
58.713 742
58.8078 743
58.9026 744
58.9974 745
59.0923 746
59.1871 747
59.2819 748
59.3767 749
59.4716 750
59.5664 751
59.6612 752
59.7561 753
59.8509 754
59.9458 755
60.0407 756
60.1355 757
60.2304 758
60.3253 759
60.4201 760
60.515 761
60.6099 762
60.7048 763
60.7996 764
60.8945 765
60.9894 766
61.0844 767
61.1793 768
61.2742 769
61.3691 770
61.464 771
61.559 772
61.6539 773
61.7488 774
61.8438 775
61.9387 776
62.0337 777
62.1287 778
62.2236 779
62.3186 780
62.4136 781
62.5086 782
62.6036 783
62.6985 784
62.7935 785
62.8885 786
62.9835 787
63.0785 788
63.1735 789
63.2685 790
63.3635 791
63.4585 792
63.5536 793
63.6486 794
63.7436 795
63.8387 796
63.9337 797
64.0288 798
64.1238 799
64.2189 800
64.314 801
64.409 802
64.5041 803
64.5992 804
64.6943 805
64.7893 806
64.8844 807
64.9795 808
65.0746 809
65.1697 810
65.2648 811
65.3599 812
65.455 813
65.5502 814
65.6453 815
65.7404 816
65.8356 817
65.9307 818
66.0259 819
66.121 820
66.2162 821
66.3113 822
66.4065 823
66.5016 824
66.5968 825
66.692 826
66.7872 827
66.8824 828
66.9776 829
67.0728 830
67.168 831
67.2633 832
67.3585 833
67.4538 834
67.549 835
67.6443 836
67.7395 837
67.8348 838
67.93 839
68.0253 840
68.1206 841
68.2158 842
68.3111 843
68.4064 844
68.5017 845
68.597 846
68.6922 847
68.7875 848
68.8828 849
68.9781 850
69.0734 851
69.1687 852
69.264 853
69.3593 854
69.4546 855
69.5499 856
69.6452 857
69.7405 858
69.8358 859
69.9312 860
70.0265 861
70.1218 862
70.2172 863
70.3126 864
70.408 865
70.5033 866
70.5987 867
70.6941 868
70.7895 869
70.8849 870
70.9803 871
71.0757 872
71.1711 873
71.2665 874
71.362 875
71.4574 876
71.5528 877
71.6483 878
71.7437 879
71.8391 880
71.9346 881
72.03 882
72.1255 883
72.2209 884
72.3164 885
72.4119 886
72.5073 887
72.6028 888
72.6983 889
72.7938 890
72.8892 891
72.9847 892
73.0802 893
73.1757 894
73.2713 895
73.3668 896
73.4624 897
73.5579 898
73.6535 899
73.7491 900
73.8446 901
73.9402 902
74.0358 903
74.1314 904
74.227 905
74.3225 906
74.4181 907
74.5138 908
74.6094 909
74.705 910
74.8006 911
74.8962 912
74.9918 913
75.0874 914
75.1831 915
75.2787 916
75.3744 917
75.4701 918
75.5657 919
75.6614 920
75.7571 921
75.8528 922
75.9484 923
76.0441 924
76.1398 925
76.2355 926
76.3312 927
76.4269 928
76.5226 929
76.6184 930
76.7141 931
76.8098 932
76.9056 933
77.0013 934
77.0971 935
77.1929 936
77.2886 937
77.3844 938
77.4802 939
77.576 940
77.6718 941
77.7676 942
77.8634 943
77.9592 944
78.055 945
78.1508 946
78.2466 947
78.3424 948
78.4383 949
78.5341 950
78.6299 951
78.7258 952
78.8216 953
78.9175 954
79.0133 955
79.1092 956
79.2051 957
79.301 958
79.3969 959
79.4927 960
79.5886 961
79.6845 962
79.7804 963
79.8764 964
79.9723 965
80.0682 966
80.1641 967
80.26 968
80.3559 969
80.4519 970
80.5478 971
80.6437 972
80.7397 973
80.8356 974
80.9316 975
81.0275 976
81.1235 977
81.2195 978
81.3155 979
81.4114 980
81.5074 981
81.6034 982
81.6994 983
81.7954 984
81.8915 985
81.9875 986
82.0835 987
82.1795 988
82.2755 989
82.3715 990
82.4676 991
82.5636 992
82.6596 993
82.7557 994
82.8517 995
82.9478 996
83.0439 997
83.1399 998
83.236 999
83.3321 1000
83.4281 1001
83.5242 1002
83.6203 1003
83.7164 1004
83.8125 1005
83.9086 1006
84.0047 1007
84.1008 1008
84.1969 1009
84.293 1010
84.3891 1011
84.4853 1012
84.5814 1013
84.6775 1014
84.7736 1015
84.8697 1016
84.9659 1017
85.062 1018
85.1581 1019
85.2543 1020
85.3504 1021
85.4466 1022
85.5427 1023
85.6389 1024
85.7351 1025
85.8312 1026
85.9274 1027
86.0236 1028
86.1198 1029
86.216 1030
86.3122 1031
86.4084 1032
86.5046 1033
86.6009 1034
86.6971 1035
86.7933 1036
86.8896 1037
86.9859 1038
87.0821 1039
87.1784 1040
87.2747 1041
87.371 1042
87.4673 1043
87.5636 1044
87.6599 1045
87.7562 1046
87.8525 1047
87.9488 1048
88.0451 1049
88.1415 1050
88.2378 1051
88.3341 1052
88.4304 1053
88.5268 1054
88.6231 1055
88.7195 1056
88.8158 1057
88.9122 1058
89.0085 1059
89.1049 1060
89.2013 1061
89.2977 1062
89.394 1063
89.4904 1064
89.5869 1065
89.6833 1066
89.7797 1067
89.8761 1068
89.9726 1069
90.069 1070
90.1654 1071
90.2619 1072
90.3583 1073
90.4548 1074
90.5512 1075
90.6477 1076
90.7441 1077
90.8406 1078
90.9371 1079
91.0335 1080
91.13 1081
91.2265 1082
91.323 1083
91.4194 1084
91.516 1085
91.6125 1086
91.709 1087
91.8055 1088
91.902 1089
91.9985 1090
92.0951 1091
92.1916 1092
92.2882 1093
92.3847 1094
92.4813 1095
92.5778 1096
92.6743 1097
92.7709 1098
92.8675 1099
92.964 1100
93.0606 1101
93.1572 1102
93.2538 1103
93.3504 1104
93.447 1105
93.5436 1106
93.6403 1107
93.7369 1108
93.8335 1109
93.9302 1110
94.0268 1111
94.1235 1112
94.2201 1113
94.3168 1114
94.4134 1115
94.5101 1116
94.6068 1117
94.7035 1118
94.8002 1119
94.8969 1120
94.9936 1121
95.0903 1122
95.187 1123
95.2837 1124
95.3805 1125
95.4772 1126
95.574 1127
95.6708 1128
95.7675 1129
95.8643 1130
95.9611 1131
96.0579 1132
96.1547 1133
96.2515 1134
96.3483 1135
96.4451 1136
96.5419 1137
96.6387 1138
96.7356 1139
96.8324 1140
96.9292 1141
97.0261 1142
97.1229 1143
97.2198 1144
97.3166 1145
97.4135 1146
97.5104 1147
97.6072 1148
97.7041 1149
97.801 1150
97.8979 1151
97.9947 1152
98.0916 1153
98.1885 1154
98.2854 1155
98.3823 1156
98.4792 1157
98.5762 1158
98.6731 1159
98.77 1160
98.867 1161
98.9639 1162
99.0609 1163
99.1579 1164
99.2548 1165
99.3518 1166
99.4488 1167
99.5457 1168
99.6427 1169
99.7397 1170
99.8367 1171
99.9337 1172
100.031 1173
100.128 1174
100.225 1175
100.322 1176
100.419 1177
100.516 1178
100.613 1179
100.71 1180
100.807 1181
100.904 1182
101.001 1183
101.098 1184
101.195 1185
101.292 1186
101.389 1187
101.486 1188
101.584 1189
101.681 1190
101.778 1191
101.875 1192
101.972 1193
102.069 1194
102.166 1195
102.264 1196
102.361 1197
102.458 1198
102.555 1199
102.652 1200
102.749 1201
102.846 1202
102.944 1203
103.041 1204
103.138 1205
103.235 1206
103.332 1207
103.43 1208
103.527 1209
103.624 1210
103.721 1211
103.819 1212
103.916 1213
104.013 1214
104.11 1215
104.208 1216
104.305 1217
104.402 1218
104.5 1219
104.597 1220
104.694 1221
104.791 1222
104.889 1223
104.986 1224
105.083 1225
105.181 1226
105.278 1227
105.376 1228
105.473 1229
105.57 1230
105.668 1231
105.765 1232
105.862 1233
105.96 1234
106.057 1235
106.155 1236
106.252 1237
106.35 1238
106.447 1239
106.544 1240
106.642 1241
106.739 1242
106.837 1243
106.934 1244
107.032 1245
107.129 1246
107.227 1247
107.324 1248
107.422 1249
107.52 1250
107.617 1251
107.715 1252
107.812 1253
107.91 1254
108.007 1255
108.105 1256
108.202 1257
108.3 1258
108.398 1259
108.495 1260
108.593 1261
108.69 1262
108.788 1263
108.886 1264
108.983 1265
109.081 1266
109.179 1267
109.276 1268
109.374 1269
109.472 1270
109.57 1271
109.667 1272
109.765 1273
109.863 1274
109.96 1275
110.058 1276
110.156 1277
110.254 1278
110.351 1279
110.449 1280
110.547 1281
110.645 1282
110.742 1283
110.84 1284
110.938 1285
111.036 1286
111.134 1287
111.231 1288
111.329 1289
111.427 1290
111.525 1291
111.623 1292
111.721 1293
111.818 1294
111.916 1295
112.014 1296
112.112 1297
112.21 1298
112.308 1299
112.406 1300
112.504 1301
112.602 1302
112.699 1303
112.797 1304
112.895 1305
112.993 1306
113.091 1307
113.189 1308
113.287 1309
113.385 1310
113.483 1311
113.581 1312
113.679 1313
113.777 1314
113.875 1315
113.973 1316
114.071 1317
114.169 1318
114.267 1319
114.365 1320
114.463 1321
114.561 1322
114.659 1323
114.758 1324
114.856 1325
114.954 1326
115.052 1327
115.15 1328
115.248 1329
115.346 1330
115.445 1331
115.543 1332
115.641 1333
115.739 1334
115.837 1335
115.935 1336
116.034 1337
116.132 1338
116.23 1339
116.328 1340
116.426 1341
116.525 1342
116.623 1343
116.721 1344
116.819 1345
116.918 1346
117.016 1347
117.114 1348
117.213 1349
117.311 1350
117.409 1351
117.507 1352
117.606 1353
117.704 1354
117.802 1355
117.9 1356
117.999 1357
118.097 1358
118.196 1359
118.294 1360
118.392 1361
118.491 1362
118.589 1363
118.687 1364
118.786 1365
118.884 1366
118.982 1367
119.081 1368
119.179 1369
119.278 1370
119.376 1371
119.474 1372
119.573 1373
119.671 1374
119.77 1375
119.868 1376
119.967 1377
120.065 1378
120.164 1379
120.262 1380
120.361 1381
120.459 1382
120.558 1383
120.656 1384
120.755 1385
120.853 1386
120.952 1387
121.05 1388
121.149 1389
121.248 1390
121.346 1391
121.445 1392
121.543 1393
121.642 1394
121.741 1395
121.839 1396
121.938 1397
122.037 1398
122.135 1399
122.234 1400
122.333 1401
122.431 1402
122.53 1403
122.629 1404
122.728 1405
122.826 1406
122.925 1407
123.024 1408
123.123 1409
123.221 1410
123.32 1411
123.419 1412
123.518 1413
123.617 1414
123.715 1415
123.814 1416
123.913 1417
124.012 1418
124.111 1419
124.21 1420
124.309 1421
124.408 1422
124.506 1423
124.605 1424
124.704 1425
124.803 1426
124.902 1427
125.001 1428
125.1 1429
125.199 1430
125.298 1431
125.397 1432
125.496 1433
125.595 1434
125.694 1435
125.793 1436
125.892 1437
125.991 1438
126.09 1439
126.189 1440
126.288 1441
126.387 1442
126.486 1443
126.585 1444
126.685 1445
126.784 1446
126.883 1447
126.982 1448
127.081 1449
127.18 1450
127.279 1451
127.378 1452
127.477 1453
127.577 1454
127.676 1455
127.775 1456
127.874 1457
127.973 1458
128.072 1459
128.172 1460
128.271 1461
128.37 1462
128.469 1463
128.569 1464
128.668 1465
128.767 1466
128.866 1467
128.966 1468
129.065 1469
129.164 1470
129.264 1471
129.363 1472
129.462 1473
129.562 1474
129.661 1475
129.761 1476
129.86 1477
129.959 1478
130.059 1479
130.158 1480
130.258 1481
130.357 1482
130.456 1483
130.556 1484
130.655 1485
130.755 1486
130.854 1487
130.954 1488
131.053 1489
131.153 1490
131.253 1491
131.352 1492
131.452 1493
131.551 1494
131.651 1495
131.75 1496
131.85 1497
131.95 1498
132.049 1499
132.149 1500
132.249 1501
132.348 1502
132.448 1503
132.548 1504
132.648 1505
132.747 1506
132.847 1507
132.947 1508
133.046 1509
133.146 1510
133.246 1511
133.346 1512
133.445 1513
133.545 1514
133.645 1515
133.745 1516
133.845 1517
133.944 1518
134.044 1519
134.144 1520
134.244 1521
134.344 1522
134.444 1523
134.544 1524
134.643 1525
134.743 1526
134.843 1527
134.943 1528
135.043 1529
135.143 1530
135.243 1531
135.343 1532
135.443 1533
135.543 1534
135.643 1535
135.743 1536
135.843 1537
135.943 1538
136.043 1539
136.143 1540
136.243 1541
136.343 1542
136.443 1543
136.543 1544
136.643 1545
136.743 1546
136.843 1547
136.943 1548
137.043 1549
137.143 1550
137.244 1551
137.344 1552
137.444 1553
137.544 1554
137.644 1555
137.745 1556
137.845 1557
137.945 1558
138.045 1559
138.145 1560
138.246 1561
138.346 1562
138.446 1563
138.547 1564
138.647 1565
138.747 1566
138.847 1567
138.948 1568
139.048 1569
139.148 1570
139.249 1571
139.349 1572
139.45 1573
139.55 1574
139.65 1575
139.751 1576
139.851 1577
139.952 1578
140.052 1579
140.153 1580
140.253 1581
140.354 1582
140.454 1583
140.554 1584
140.655 1585
140.755 1586
140.856 1587
140.956 1588
141.057 1589
141.158 1590
141.258 1591
141.359 1592
141.459 1593
141.56 1594
141.661 1595
141.761 1596
141.862 1597
141.963 1598
142.063 1599
142.164 1600
142.265 1601
142.366 1602
142.466 1603
142.567 1604
142.668 1605
142.769 1606
142.869 1607
142.97 1608
143.071 1609
143.172 1610
143.273 1611
143.374 1612
143.474 1613
143.575 1614
143.676 1615
143.777 1616
143.878 1617
143.979 1618
144.08 1619
144.181 1620
144.282 1621
144.383 1622
144.484 1623
144.585 1624
144.686 1625
144.787 1626
144.888 1627
144.989 1628
145.09 1629
145.191 1630
145.292 1631
145.393 1632
145.494 1633
145.595 1634
145.696 1635
145.797 1636
145.899 1637
146 1638
146.101 1639
146.202 1640
146.303 1641
146.404 1642
146.505 1643
146.607 1644
146.708 1645
146.809 1646
146.91 1647
147.012 1648
147.113 1649
147.214 1650
147.315 1651
147.417 1652
147.518 1653
147.619 1654
147.721 1655
147.822 1656
147.923 1657
148.025 1658
148.126 1659
148.227 1660
148.329 1661
148.43 1662
148.532 1663
148.633 1664
148.735 1665
148.836 1666
148.938 1667
149.039 1668
149.141 1669
149.242 1670
149.344 1671
149.445 1672
149.547 1673
149.648 1674
149.75 1675
149.851 1676
149.953 1677
150.055 1678
150.156 1679
150.258 1680
150.36 1681
150.462 1682
150.563 1683
150.665 1684
150.767 1685
150.869 1686
150.97 1687
151.072 1688
151.174 1689
151.276 1690
151.378 1691
151.48 1692
151.582 1693
151.683 1694
151.785 1695
151.887 1696
151.989 1697
152.091 1698
152.193 1699
152.295 1700
152.397 1701
152.499 1702
152.601 1703
152.703 1704
152.805 1705
152.907 1706
153.009 1707
153.111 1708
153.214 1709
153.316 1710
153.418 1711
153.52 1712
153.622 1713
153.724 1714
153.827 1715
153.929 1716
154.031 1717
154.133 1718
154.236 1719
154.338 1720
154.44 1721
154.542 1722
154.645 1723
154.747 1724
154.85 1725
154.952 1726
155.054 1727
155.157 1728
155.259 1729
155.362 1730
155.464 1731
155.567 1732
155.669 1733
155.772 1734
155.874 1735
155.977 1736
156.079 1737
156.182 1738
156.284 1739
156.387 1740
156.49 1741
156.592 1742
156.695 1743
156.798 1744
156.9 1745
157.003 1746
157.106 1747
157.209 1748
157.311 1749
157.414 1750
157.517 1751
157.62 1752
157.723 1753
157.826 1754
157.928 1755
158.031 1756
158.134 1757
158.237 1758
158.34 1759
158.443 1760
158.546 1761
158.649 1762
158.752 1763
158.855 1764
158.958 1765
159.061 1766
159.165 1767
159.268 1768
159.371 1769
159.474 1770
159.577 1771
159.68 1772
159.784 1773
159.887 1774
159.99 1775
160.093 1776
160.197 1777
160.3 1778
160.403 1779
160.507 1780
160.61 1781
160.714 1782
160.817 1783
160.921 1784
161.024 1785
161.127 1786
161.231 1787
161.334 1788
161.438 1789
161.541 1790
161.645 1791
161.748 1792
161.852 1793
161.956 1794
162.059 1795
162.163 1796
162.266 1797
162.37 1798
162.474 1799
162.578 1800
162.681 1801
162.785 1802
162.889 1803
162.992 1804
163.096 1805
163.2 1806
163.304 1807
163.408 1808
163.512 1809
163.616 1810
163.72 1811
163.824 1812
163.928 1813
164.032 1814
164.136 1815
164.24 1816
164.344 1817
164.448 1818
164.552 1819
164.657 1820
164.761 1821
164.865 1822
164.969 1823
165.074 1824
165.178 1825
165.282 1826
165.387 1827
165.491 1828
165.595 1829
165.7 1830
165.804 1831
165.909 1832
166.013 1833
166.118 1834
166.222 1835
166.327 1836
166.432 1837
166.536 1838
166.641 1839
166.745 1840
166.85 1841
166.955 1842
167.059 1843
167.164 1844
167.269 1845
167.374 1846
167.478 1847
167.583 1848
167.688 1849
167.793 1850
167.897 1851
168.002 1852
168.107 1853
168.212 1854
168.317 1855
168.422 1856
168.527 1857
168.632 1858
168.736 1859
168.841 1860
168.946 1861
169.051 1862
169.157 1863
169.262 1864
169.367 1865
169.472 1866
169.577 1867
169.682 1868
169.787 1869
169.893 1870
169.998 1871
170.103 1872
170.209 1873
170.314 1874
170.419 1875
170.525 1876
170.63 1877
170.736 1878
170.841 1879
170.947 1880
171.052 1881
171.158 1882
171.264 1883
171.37 1884
171.475 1885
171.581 1886
171.687 1887
171.793 1888
171.898 1889
172.004 1890
172.11 1891
172.216 1892
172.322 1893
172.428 1894
172.534 1895
172.641 1896
172.747 1897
172.853 1898
172.959 1899
173.065 1900
173.172 1901
173.278 1902
173.384 1903
173.491 1904
173.597 1905
173.703 1906
173.81 1907
173.916 1908
174.023 1909
174.129 1910
174.236 1911
174.342 1912
174.449 1913
174.555 1914
174.662 1915
174.768 1916
174.875 1917
174.982 1918
175.089 1919
175.195 1920
175.302 1921
175.409 1922
175.516 1923
175.623 1924
175.73 1925
175.837 1926
175.944 1927
176.051 1928
176.159 1929
176.266 1930
176.373 1931
176.48 1932
176.588 1933
176.695 1934
176.803 1935
176.91 1936
177.018 1937
177.125 1938
177.233 1939
177.341 1940
177.449 1941
177.556 1942
177.664 1943
177.772 1944
177.88 1945
177.988 1946
178.096 1947
178.204 1948
178.312 1949
178.421 1950
178.529 1951
178.637 1952
178.745 1953
178.854 1954
178.962 1955
179.07 1956
179.178 1957
179.287 1958
179.395 1959
179.504 1960
179.612 1961
179.721 1962
179.83 1963
179.939 1964
180.048 1965
180.157 1966
180.266 1967
180.375 1968
180.484 1969
180.593 1970
180.702 1971
180.812 1972
180.921 1973
181.031 1974
181.14 1975
181.25 1976
181.359 1977
181.469 1978
181.579 1979
181.689 1980
181.799 1981
181.909 1982
182.019 1983
182.13 1984
182.24 1985
182.35 1986
182.461 1987
182.571 1988
182.682 1989
182.792 1990
182.903 1991
183.014 1992
183.124 1993
183.235 1994
183.346 1995
183.457 1996
183.568 1997
183.679 1998
183.79 1999
183.901 2000
184.012 2001
184.123 2002
184.234 2003
184.346 2004
184.457 2005
184.568 2006
184.68 2007
184.791 2008
184.902 2009
185.014 2010
185.126 2011
185.237 2012
185.349 2013
185.46 2014
185.572 2015
185.684 2016
185.795 2017
185.907 2018
186.019 2019
186.131 2020
186.243 2021
186.355 2022
186.467 2023
186.579 2024
186.691 2025
186.803 2026
186.915 2027
187.027 2028
187.139 2029
187.252 2030
187.364 2031
187.477 2032
187.589 2033
187.702 2034
187.814 2035
187.927 2036
188.039 2037
188.152 2038
188.265 2039
188.377 2040
188.49 2041
188.603 2042
188.716 2043
188.829 2044
188.942 2045
189.054 2046
189.167 2047
189.28 2048
189.394 2049
189.507 2050
189.62 2051
189.733 2052
189.847 2053
189.96 2054
190.073 2055
190.187 2056
190.3 2057
190.414 2058
190.527 2059
190.641 2060
190.755 2061
190.869 2062
190.982 2063
191.096 2064
191.21 2065
191.324 2066
191.438 2067
191.552 2068
191.666 2069
191.781 2070
191.895 2071
192.009 2072
192.124 2073
192.238 2074
192.353 2075
192.467 2076
192.582 2077
192.696 2078
192.811 2079
192.925 2080
193.04 2081
193.155 2082
193.27 2083
193.385 2084
193.5 2085
193.615 2086
193.73 2087
193.845 2088
193.96 2089
194.075 2090
194.191 2091
194.306 2092
194.422 2093
194.538 2094
194.654 2095
194.77 2096
194.886 2097
195.002 2098
195.118 2099
195.235 2100
195.351 2101
195.468 2102
195.585 2103
195.702 2104
195.818 2105
195.935 2106
196.052 2107
196.169 2108
196.286 2109
196.403 2110
196.52 2111
196.638 2112
196.755 2113
196.872 2114
196.989 2115
197.107 2116
197.224 2117
197.342 2118
197.459 2119
197.577 2120
197.695 2121
197.813 2122
197.93 2123
198.048 2124
198.166 2125
198.284 2126
198.402 2127
198.52 2128
198.639 2129
198.757 2130
198.876 2131
198.994 2132
199.113 2133
199.231 2134
199.35 2135
199.469 2136
199.588 2137
199.706 2138
199.825 2139
199.945 2140
200.064 2141
200.183 2142
200.302 2143
200.421 2144
200.54 2145
200.66 2146
200.779 2147
200.898 2148
201.018 2149
201.137 2150
201.257 2151
201.377 2152
201.496 2153
201.616 2154
201.736 2155
201.856 2156
201.976 2157
202.097 2158
202.217 2159
202.338 2160
202.458 2161
202.579 2162
202.7 2163
202.821 2164
202.941 2165
203.062 2166
203.183 2167
203.305 2168
203.426 2169
203.547 2170
203.668 2171
203.789 2172
203.911 2173
204.032 2174
204.154 2175
204.276 2176
204.398 2177
204.52 2178
204.642 2179
204.764 2180
204.887 2181
205.01 2182
205.132 2183
205.255 2184
205.378 2185
205.501 2186
205.625 2187
205.748 2188
205.871 2189
205.995 2190
206.118 2191
206.242 2192
206.366 2193
206.49 2194
206.614 2195
206.738 2196
206.862 2197
206.986 2198
207.11 2199
207.235 2200
207.359 2201
207.484 2202
207.609 2203
207.733 2204
207.858 2205
207.983 2206
208.109 2207
208.234 2208
208.359 2209
208.485 2210
208.61 2211
208.735 2212
208.861 2213
208.987 2214
209.113 2215
209.239 2216
209.365 2217
209.491 2218
209.618 2219
209.744 2220
209.871 2221
209.997 2222
210.123 2223
210.25 2224
210.377 2225
210.503 2226
210.63 2227
210.757 2228
210.885 2229
211.012 2230
211.14 2231
211.268 2232
211.396 2233
211.524 2234
211.652 2235
211.78 2236
211.908 2237
212.037 2238
212.165 2239
212.293 2240
212.422 2241
212.551 2242
212.68 2243
212.809 2244
212.938 2245
213.068 2246
213.198 2247
213.329 2248
213.46 2249
213.591 2250
213.722 2251
213.854 2252
213.985 2253
214.117 2254
214.248 2255
214.38 2256
214.513 2257
214.645 2258
214.778 2259
214.911 2260
215.044 2261
215.179 2262
215.313 2263
215.447 2264
215.581 2265
215.716 2266
215.852 2267
215.987 2268
216.123 2269
216.259 2270
216.395 2271
216.531 2272
216.669 2273
216.807 2274
216.946 2275
217.084 2276
217.223 2277
217.362 2278
217.502 2279
217.643 2280
217.784 2281
217.925 2282
218.066 2283
218.208 2284
218.35 2285
218.494 2286
218.637 2287
218.78 2288
218.924 2289
219.068 2290
219.213 2291
219.358 2292
219.502 2293
219.648 2294
219.793 2295
219.939 2296
220.085 2297
220.232 2298
220.379 2299
220.526 2300
220.674 2301
220.821 2302
220.969 2303
221.117 2304
221.265 2305
221.414 2306
221.564 2307
221.716 2308
221.869 2309
222.022 2310
222.175 2311
222.329 2312
222.484 2313
222.639 2314
222.794 2315
222.95 2316
223.106 2317
223.262 2318
223.418 2319
223.575 2320
223.732 2321
223.889 2322
224.046 2323
224.204 2324
224.362 2325
224.52 2326
224.679 2327
224.838 2328
224.998 2329
225.159 2330
225.32 2331
225.481 2332
225.642 2333
225.804 2334
225.965 2335
226.128 2336
226.291 2337
226.455 2338
226.618 2339
226.782 2340
226.945 2341
227.11 2342
227.275 2343
227.441 2344
227.608 2345
227.775 2346
227.942 2347
228.11 2348
228.278 2349
228.446 2350
228.615 2351
228.784 2352
228.954 2353
229.124 2354
229.295 2355
229.466 2356
229.637 2357
229.808 2358
229.98 2359
230.151 2360
230.323 2361
230.496 2362
230.67 2363
230.843 2364
231.018 2365
231.193 2366
231.369 2367
231.546 2368
231.723 2369
231.901 2370
232.079 2371
232.259 2372
232.44 2373
232.62 2374
232.803 2375
232.986 2376
233.17 2377
233.354 2378
233.538 2379
233.725 2380
233.912 2381
234.1 2382
234.288 2383
234.476 2384
234.667 2385
234.858 2386
235.05 2387
235.242 2388
235.436 2389
235.63 2390
235.824 2391
236.019 2392
236.214 2393
236.41 2394
236.605 2395
236.801 2396
236.998 2397
237.195 2398
237.393 2399
237.591 2400
237.79 2401
237.989 2402
238.189 2403
238.389 2404
238.59 2405
238.791 2406
238.993 2407
239.194 2408
239.396 2409
239.599 2410
239.801 2411
240.004 2412
240.207 2413
240.413 2414
240.619 2415
240.825 2416
241.031 2417
241.239 2418
241.446 2419
241.656 2420
241.868 2421
242.082 2422
242.298 2423
242.513 2424
242.732 2425
242.95 2426
243.169 2427
243.388 2428
243.608 2429
243.83 2430
244.052 2431
244.276 2432
244.5 2433
244.725 2434
244.951 2435
245.177 2436
245.404 2437
245.631 2438
245.861 2439
246.09 2440
246.324 2441
246.56 2442
246.799 2443
247.038 2444
247.278 2445
247.52 2446
247.764 2447
248.012 2448
248.26 2449
248.509 2450
248.761 2451
249.017 2452
249.276 2453
249.538 2454
249.799 2455
250.067 2456
250.336 2457
250.606 2458
250.877 2459
251.147 2460
251.419 2461
251.691 2462
251.964 2463
252.238 2464
252.513 2465
252.788 2466
253.068 2467
253.35 2468
253.632 2469
253.916 2470
254.202 2471
254.489 2472
254.777 2473
255.065 2474
255.354 2475
255.643 2476
255.935 2477
256.229 2478
256.522 2479
256.816 2480
257.111 2481
257.413 2482
257.718 2483
258.025 2484
258.336 2485
258.647 2486
258.96 2487
259.276 2488
259.592 2489
259.908 2490
260.229 2491
260.551 2492
260.875 2493
261.201 2494
261.534 2495
261.878 2496
262.228 2497
262.579 2498
262.932 2499
263.286 2500
263.646 2501
264.009 2502
264.373 2503
264.743 2504
265.114 2505
265.486 2506
265.859 2507
266.234 2508
266.621 2509
267.012 2510
267.402 2511
267.796 2512
268.189 2513
268.583 2514
268.987 2515
269.392 2516
269.797 2517
270.208 2518
270.621 2519
271.038 2520
271.458 2521
271.889 2522
272.321 2523
272.754 2524
273.188 2525
273.626 2526
274.075 2527
274.527 2528
274.98 2529
275.488 2530
275.998 2531
276.511 2532
277.035 2533
277.575 2534
278.153 2535
278.792 2536
279.432 2537
280.075 2538
280.73 2539
281.418 2540
282.108 2541
282.844 2542
283.583 2543
284.342 2544
285.107 2545
285.886 2546
286.671 2547
287.456 2548
288.243 2549
289.06 2550
289.932 2551
290.832 2552
291.749 2553
292.68 2554
293.616 2555
294.564 2556
295.525 2557
296.487 2558
297.501 2559
298.522 2560
299.544 2561
300.569 2562
301.692 2563
302.943 2564
304.217 2565
305.565 2566
306.917 2567
308.329 2568
309.754 2569
311.276 2570
313.007 2571
314.872 2572
316.773 2573
318.818 2574
321.146 2575
323.533 2576
326.163 2577
329.024 2578
332.541 2579
336.099 2580
339.679 2581
344.236 2582
348.888 2583
353.556 2584
358.267 2585
363.634 2586
369.449 2587
375.9 2588
382.509 2589
389.416 2590
396.372 2591
404.45 2592
412.734 2593
421.109 2594
430.651 2595
440.783 2596
451.968 2597
463.214 2598
476.163 2599
493.404 2600
513.9 2601
534.426 2602
559.654 2603
608.674 2604
659.948 2605
