8.522e-06 1
1.7045e-05 2
2.5987e-05 3
3.4998e-05 4
4.401e-05 5
5.3091e-05 6
6.224e-05 7
7.1599e-05 8
8.0959e-05 9
9.0386e-05 10
9.9886e-05 11
0.000109386 12
0.000118955 13
0.000128524 14
0.000138093 15
0.000147662 16
0.000157302 17
0.000167011 18
0.000176721 19
0.000186499 20
0.000196417 21
0.000206405 22
0.000216462 23
0.00022652 24
0.000236579 25
0.000246638 26
0.000256698 27
0.000266758 28
0.000276885 29
0.000287013 30
0.000297142 31
0.000307479 32
0.000317886 33
0.000328294 34
0.000338702 35
0.000349179 36
0.000359657 37
0.000370205 38
0.000380753 39
0.000391369 40
0.000401986 41
0.000412603 42
0.000423221 43
0.000433979 44
0.000444738 45
0.000455564 46
0.00046646 47
0.000477357 48
0.00048832 49
0.000499285 50
0.00051025 51
0.000521287 52
0.000532603 53
0.000543919 54
0.000555305 55
0.000566759 56
0.000578286 57
0.000589881 58
0.000601477 59
0.000613281 60
0.000625085 61
0.00063689 62
0.000648696 63
0.000660569 64
0.000672443 65
0.000684387 66
0.000696401 67
0.000708415 68
0.000720429 69
0.000732444 70
0.000744459 71
0.000756475 72
0.000768558 73
0.00078085 74
0.000793143 75
0.000805505 76
0.000817868 77
0.000830231 78
0.000842596 79
0.000855029 80
0.000867531 81
0.000880035 82
0.00089254 83
0.000905391 84
0.000918313 85
0.000931514 86
0.000944785 87
0.000958057 88
0.00097133 89
0.000984673 90
0.000998084 91
0.0010115 92
0.00102491 93
0.00103839 94
0.00105187 95
0.00106549 96
0.00107939 97
0.00109335 98
0.00110767 99
0.00112199 100
0.00113631 101
0.00115063 102
0.0011653 103
0.00118011 104
0.00119492 105
0.00120979 106
0.00122488 107
0.00124011 108
0.00125547 109
0.00127112 110
0.00128711 111
0.00130346 112
0.00132001 113
0.0013372 114
0.00135452 115
0.00137205 116
0.00138965 117
0.00140802 118
0.00142653 119
0.00144512 120
0.00146404 121
0.00148311 122
0.00150225 123
0.0015216 124
0.00154102 125
0.00156093 126
0.00158202 127
0.00160353 128
0.00162582 129
0.00164957 130
0.00167528 131
0.00170105 132
0.00173011 133
0.00176252 134
0.00179584 135
0.00182924 136
0.00186263 137
0.00189623 138
0.00193067 139
0.00196532 140
0.00200059 141
0.00203636 142
0.00207254 143
0.0021088 144
0.00214513 145
0.00218181 146
0.00221869 147
0.00225698 148
0.00229568 149
0.00233459 150
0.00237364 151
0.0024127 152
0.00245217 153
0.00249184 154
0.00253152 155
0.00257148 156
0.00261192 157
0.00265243 158
0.00269301 159
0.00273373 160
0.00277459 161
0.00281553 162
0.00285653 163
0.00289753 164
0.0029386 165
0.00297989 166
0.00302118 167
0.00306253 168
0.00310388 169
0.0031453 170
0.00318672 171
0.00322815 172
0.00326971 173
0.00331127 174
0.00335303 175
0.00339487 176
0.00343671 177
0.00347855 178
0.0035206 179
0.00356272 180
0.00360497 181
0.0036473 182
0.00368963 183
0.00373202 184
0.00377442 185
0.00381689 186
0.00385942 187
0.00390196 188
0.00394456 189
0.00398738 190
0.0040302 191
0.00407316 192
0.00411619 193
0.00415956 194
0.004203 195
0.00424645 196
0.00428997 197
0.00433348 198
0.00437714 199
0.0044208 200
0.00446467 201
0.00450853 202
0.00455247 203
0.00459641 204
0.00464056 205
0.00468477 206
0.00472898 207
0.00477327 208
0.00481756 209
0.00486198 210
0.0049064 211
0.00495083 212
0.00499547 213
0.00504011 214
0.00508488 215
0.00512966 216
0.00517443 217
0.00521955 218
0.00526482 219
0.00531015 220
0.00535562 221
0.0054013 222
0.00544698 223
0.00549294 224
0.00553905 225
0.00558522 226
0.00563181 227
0.00567862 228
0.00572549 229
0.00577258 230
0.00581966 231
0.00586689 232
0.00591431 233
0.00596209 234
0.00601001 235
0.0060582 236
0.00610647 237
0.0061548 238
0.00620348 239
0.00625224 240
0.00630127 241
0.00635044 242
0.00639962 243
0.00644886 244
0.0064981 245
0.00654749 246
0.00659694 247
0.00664681 248
0.00669676 249
0.00674685 250
0.00679694 251
0.00684709 252
0.00689724 253
0.00694768 254
0.00699818 255
0.00704875 256
0.00709932 257
0.00715003 258
0.0072009 259
0.00725182 260
0.00730289 261
0.00735403 262
0.00740517 263
0.00745659 264
0.00750806 265
0.00755954 266
0.00761103 267
0.00766264 268
0.00771427 269
0.00776602 270
0.00781792 271
0.00786983 272
0.00792186 273
0.00797391 274
0.00802596 275
0.00807807 276
0.00813045 277
0.00818284 278
0.00823529 279
0.00828774 280
0.00834021 281
0.00839273 282
0.00844527 283
0.00849794 284
0.00855075 285
0.00860364 286
0.0086568 287
0.00871009 288
0.00876416 289
0.00881892 290
0.00887376 291
0.00892909 292
0.00898442 293
0.00903981 294
0.00909521 295
0.00915081 296
0.00920663 297
0.00926244 298
0.00931833 299
0.00937436 300
0.00943067 301
0.00948717 302
0.0095439 303
0.00960097 304
0.00965819 305
0.00971546 306
0.00977274 307
0.00983009 308
0.00988758 309
0.00994521 310
0.0100029 311
0.0100607 312
0.0101188 313
0.0101772 314
0.0102357 315
0.0102943 316
0.010353 317
0.0104117 318
0.0104713 319
0.0105308 320
0.0105903 321
0.0106499 322
0.01071 323
0.0107704 324
0.0108307 325
0.0108913 326
0.0109523 327
0.0110134 328
0.0110749 329
0.0111364 330
0.011198 331
0.0112595 332
0.0113211 333
0.011383 334
0.011445 335
0.011507 336
0.0115693 337
0.0116316 338
0.0116944 339
0.0117572 340
0.0118202 341
0.0118831 342
0.0119461 343
0.0120091 344
0.0120721 345
0.0121356 346
0.0121992 347
0.0122631 348
0.012327 349
0.0123914 350
0.0124559 351
0.0125205 352
0.0125857 353
0.0126509 354
0.0127162 355
0.0127815 356
0.0128469 357
0.0129123 358
0.0129781 359
0.013044 360
0.0131106 361
0.0131773 362
0.013244 363
0.0133108 364
0.0133779 365
0.0134455 366
0.0135132 367
0.0135814 368
0.0136498 369
0.0137184 370
0.0137871 371
0.013856 372
0.013925 373
0.013994 374
0.0140632 375
0.0141328 376
0.0142028 377
0.0142739 378
0.0143454 379
0.0144173 380
0.0144893 381
0.0145617 382
0.014635 383
0.0147083 384
0.0147818 385
0.0148557 386
0.01493 387
0.0150045 388
0.0150799 389
0.0151555 390
0.0152319 391
0.0153091 392
0.0153864 393
0.0154641 394
0.0155419 395
0.01562 396
0.0156983 397
0.0157777 398
0.015858 399
0.0159386 400
0.0160202 401
0.0161018 402
0.0161834 403
0.0162654 404
0.0163473 405
0.0164293 406
0.0165116 407
0.0165946 408
0.0166779 409
0.0167625 410
0.016847 411
0.0169337 412
0.0170211 413
0.0171085 414
0.0171964 415
0.0172844 416
0.0173726 417
0.0174609 418
0.0175495 419
0.0176385 420
0.0177277 421
0.017817 422
0.0179063 423
0.0179961 424
0.0180863 425
0.0181769 426
0.0182679 427
0.0183591 428
0.0184506 429
0.0185422 430
0.0186339 431
0.018726 432
0.018818 433
0.0189106 434
0.0190036 435
0.0190966 436
0.0191898 437
0.0192832 438
0.0193769 439
0.0194708 440
0.0195647 441
0.0196587 442
0.0197529 443
0.0198474 444
0.0199419 445
0.0200366 446
0.0201314 447
0.0202266 448
0.020322 449
0.0204174 450
0.0205133 451
0.0206095 452
0.020706 453
0.0208032 454
0.0209006 455
0.0209984 456
0.0210963 457
0.0211944 458
0.0212925 459
0.0213908 460
0.0214892 461
0.0215877 462
0.0216866 463
0.0217862 464
0.0218859 465
0.0219856 466
0.0220857 467
0.0221858 468
0.0222861 469
0.0223868 470
0.022488 471
0.0225895 472
0.0226911 473
0.0227928 474
0.0228953 475
0.022998 476
0.0231009 477
0.0232044 478
0.0233079 479
0.0234113 480
0.0235149 481
0.0236186 482
0.0237232 483
0.0238282 484
0.0239339 485
0.0240397 486
0.0241454 487
0.0242513 488
0.0243571 489
0.024463 490
0.024569 491
0.0246753 492
0.0247818 493
0.0248886 494
0.0249965 495
0.0251045 496
0.0252127 497
0.025321 498
0.0254295 499
0.0255381 500
0.0256466 501
0.0257559 502
0.0258655 503
0.0259751 504
0.0260851 505
0.0261954 506
0.0263059 507
0.0264169 508
0.0265282 509
0.0266395 510
0.026751 511
0.0268625 512
0.0269741 513
0.0270857 514
0.0271975 515
0.0273094 516
0.0274215 517
0.0275337 518
0.0276461 519
0.0277586 520
0.0278712 521
0.0279844 522
0.0280978 523
0.0282119 524
0.0283259 525
0.0284403 526
0.0285548 527
0.0286693 528
0.0287838 529
0.0288991 530
0.0290156 531
0.0291324 532
0.0292493 533
0.0293661 534
0.0294831 535
0.0296002 536
0.0297178 537
0.0298357 538
0.0299545 539
0.0300742 540
0.0301941 541
0.0303143 542
0.0304345 543
0.0305554 544
0.0306773 545
0.0307998 546
0.0309232 547
0.0310471 548
0.0311713 549
0.0312958 550
0.0314202 551
0.0315451 552
0.0316701 553
0.0317957 554
0.0319216 555
0.0320476 556
0.0321735 557
0.0322995 558
0.0324255 559
0.032552 560
0.0326785 561
0.0328052 562
0.032932 563
0.033059 564
0.0331859 565
0.0333128 566
0.0334397 567
0.033567 568
0.0336945 569
0.0338219 570
0.0339499 571
0.0340781 572
0.0342064 573
0.0343352 574
0.0344643 575
0.0345934 576
0.0347226 577
0.0348519 578
0.0349813 579
0.0351109 580
0.0352407 581
0.0353706 582
0.0355005 583
0.0356306 584
0.035761 585
0.0358916 586
0.0360229 587
0.0361543 588
0.0362865 589
0.0364187 590
0.0365512 591
0.0366837 592
0.0368164 593
0.0369492 594
0.037082 595
0.037215 596
0.0373481 597
0.0374814 598
0.0376148 599
0.0377483 600
0.0378822 601
0.0380163 602
0.0381512 603
0.0382861 604
0.038421 605
0.0385561 606
0.0386912 607
0.0388267 608
0.0389623 609
0.0390981 610
0.0392342 611
0.0393703 612
0.0395066 613
0.0396432 614
0.0397805 615
0.0399178 616
0.0400552 617
0.0401929 618
0.0403306 619
0.0404699 620
0.0406092 621
0.0407485 622
0.0408879 623
0.0410274 624
0.0411671 625
0.0413073 626
0.0414474 627
0.0415876 628
0.0417279 629
0.0418684 630
0.042009 631
0.0421497 632
0.0422904 633
0.0424312 634
0.042572 635
0.0427131 636
0.0428543 637
0.0429959 638
0.0431378 639
0.0432799 640
0.0434227 641
0.0435659 642
0.0437093 643
0.043854 644
0.0439987 645
0.0441437 646
0.0442891 647
0.044435 648
0.0445809 649
0.0447272 650
0.0448737 651
0.0450206 652
0.0451678 653
0.0453151 654
0.0454627 655
0.0456104 656
0.0457581 657
0.045906 658
0.046054 659
0.0462021 660
0.0463504 661
0.0464989 662
0.0466473 663
0.046796 664
0.0469449 665
0.0470943 666
0.0472441 667
0.0473943 668
0.0475445 669
0.047695 670
0.0478459 671
0.047997 672
0.0481483 673
0.0482998 674
0.0484524 675
0.048605 676
0.0487586 677
0.0489122 678
0.049066 679
0.0492199 680
0.0493742 681
0.0495287 682
0.0496834 683
0.0498383 684
0.0499939 685
0.0501497 686
0.0503057 687
0.0504617 688
0.0506178 689
0.0507739 690
0.0509302 691
0.0510869 692
0.0512441 693
0.0514019 694
0.0515599 695
0.0517183 696
0.0518767 697
0.0520352 698
0.0521945 699
0.0523544 700
0.0525151 701
0.0526759 702
0.0528368 703
0.0529977 704
0.0531587 705
0.0533198 706
0.0534811 707
0.0536424 708
0.0538043 709
0.0539663 710
0.0541283 711
0.0542903 712
0.0544526 713
0.0546151 714
0.0547779 715
0.0549419 716
0.0551058 717
0.0552698 718
0.0554342 719
0.0555987 720
0.0557635 721
0.0559284 722
0.0560934 723
0.0562585 724
0.0564238 725
0.0565894 726
0.0567551 727
0.056921 728
0.0570873 729
0.057254 730
0.057421 731
0.0575882 732
0.0577555 733
0.0579232 734
0.058091 735
0.0582593 736
0.0584281 737
0.0585969 738
0.0587657 739
0.0589347 740
0.0591038 741
0.059273 742
0.0594427 743
0.0596126 744
0.059783 745
0.059954 746
0.060125 747
0.0602965 748
0.0604682 749
0.0606405 750
0.0608132 751
0.060986 752
0.061159 753
0.0613325 754
0.0615063 755
0.0616806 756
0.061855 757
0.0620294 758
0.062204 759
0.0623787 760
0.0625534 761
0.0627282 762
0.0629029 763
0.0630778 764
0.0632533 765
0.0634289 766
0.0636046 767
0.0637804 768
0.0639564 769
0.0641324 770
0.0643084 771
0.0644845 772
0.0646609 773
0.0648374 774
0.0650142 775
0.065191 776
0.0653682 777
0.0655462 778
0.0657243 779
0.0659029 780
0.0660817 781
0.0662606 782
0.0664398 783
0.066619 784
0.0667983 785
0.0669782 786
0.0671591 787
0.06734 788
0.0675211 789
0.0677026 790
0.0678843 791
0.068066 792
0.0682479 793
0.0684299 794
0.0686129 795
0.0687962 796
0.0689795 797
0.069163 798
0.0693466 799
0.0695303 800
0.0697144 801
0.0698987 802
0.0700835 803
0.0702693 804
0.0704554 805
0.0706415 806
0.0708281 807
0.0710147 808
0.0712014 809
0.0713882 810
0.0715753 811
0.0717627 812
0.0719503 813
0.0721386 814
0.072327 815
0.0725158 816
0.0727048 817
0.072894 818
0.0730837 819
0.0732736 820
0.0734637 821
0.0736547 822
0.0738458 823
0.0740371 824
0.0742284 825
0.0744199 826
0.0746115 827
0.0748033 828
0.0749952 829
0.0751873 830
0.0753796 831
0.0755723 832
0.075765 833
0.0759585 834
0.0761521 835
0.0763458 836
0.0765399 837
0.0767342 838
0.0769289 839
0.0771237 840
0.0773186 841
0.0775136 842
0.0777089 843
0.0779045 844
0.0781004 845
0.0782963 846
0.0784923 847
0.0786886 848
0.078885 849
0.0790821 850
0.0792796 851
0.0794771 852
0.0796747 853
0.0798724 854
0.0800711 855
0.0802701 856
0.0804693 857
0.080669 858
0.0808694 859
0.0810698 860
0.0812703 861
0.0814716 862
0.081673 863
0.0818746 864
0.0820765 865
0.0822785 866
0.0824808 867
0.0826839 868
0.0828876 869
0.0830914 870
0.0832957 871
0.0835005 872
0.0837054 873
0.0839104 874
0.084116 875
0.0843226 876
0.0845294 877
0.0847365 878
0.0849438 879
0.0851518 880
0.0853605 881
0.0855697 882
0.0857791 883
0.0859887 884
0.0861986 885
0.0864086 886
0.0866188 887
0.086829 888
0.0870393 889
0.0872501 890
0.0874609 891
0.0876719 892
0.0878832 893
0.0880947 894
0.0883064 895
0.0885181 896
0.0887301 897
0.0889424 898
0.0891547 899
0.0893674 900
0.0895801 901
0.0897929 902
0.0900061 903
0.0902195 904
0.090433 905
0.0906471 906
0.0908612 907
0.0910755 908
0.0912902 909
0.0915053 910
0.0917204 911
0.0919356 912
0.092151 913
0.0923667 914
0.0925823 915
0.092798 916
0.0930147 917
0.0932328 918
0.0934512 919
0.0936703 920
0.0938894 921
0.0941088 922
0.0943284 923
0.0945482 924
0.0947683 925
0.0949889 926
0.0952094 927
0.0954299 928
0.0956509 929
0.0958723 930
0.096094 931
0.096316 932
0.0965381 933
0.0967603 934
0.0969827 935
0.0972052 936
0.0974278 937
0.0976504 938
0.0978733 939
0.0980961 940
0.0983199 941
0.0985438 942
0.0987684 943
0.0989931 944
0.0992179 945
0.0994431 946
0.099669 947
0.0998957 948
0.100122 949
0.100349 950
0.100578 951
0.100806 952
0.101036 953
0.101266 954
0.101497 955
0.101727 956
0.101958 957
0.10219 958
0.102422 959
0.102654 960
0.102887 961
0.10312 962
0.103353 963
0.103587 964
0.103822 965
0.104058 966
0.104294 967
0.10453 968
0.104766 969
0.105003 970
0.10524 971
0.105476 972
0.105714 973
0.105951 974
0.106189 975
0.106428 976
0.106667 977
0.106907 978
0.107146 979
0.107386 980
0.107625 981
0.107866 982
0.108107 983
0.108348 984
0.10859 985
0.108832 986
0.109074 987
0.109316 988
0.109559 989
0.109801 990
0.110044 991
0.110287 992
0.11053 993
0.110774 994
0.111017 995
0.111262 996
0.111506 997
0.111752 998
0.111998 999
0.112244 1000
0.112491 1001
0.112737 1002
0.112984 1003
0.113231 1004
0.113478 1005
0.113725 1006
0.113973 1007
0.114221 1008
0.114469 1009
0.114718 1010
0.114967 1011
0.115217 1012
0.115467 1013
0.115718 1014
0.115969 1015
0.11622 1016
0.116472 1017
0.116724 1018
0.116977 1019
0.117229 1020
0.117482 1021
0.117735 1022
0.117989 1023
0.118243 1024
0.118497 1025
0.118751 1026
0.119006 1027
0.119262 1028
0.119518 1029
0.119775 1030
0.120032 1031
0.12029 1032
0.120549 1033
0.120808 1034
0.121067 1035
0.121327 1036
0.121587 1037
0.121848 1038
0.122108 1039
0.122368 1040
0.122629 1041
0.12289 1042
0.123151 1043
0.123412 1044
0.123674 1045
0.123937 1046
0.1242 1047
0.124464 1048
0.124728 1049
0.124992 1050
0.125257 1051
0.125522 1052
0.125787 1053
0.126054 1054
0.126321 1055
0.126588 1056
0.126855 1057
0.127124 1058
0.127393 1059
0.127663 1060
0.127933 1061
0.128203 1062
0.128474 1063
0.128747 1064
0.129019 1065
0.129292 1066
0.129565 1067
0.129838 1068
0.130113 1069
0.130387 1070
0.130662 1071
0.130938 1072
0.131216 1073
0.131493 1074
0.13177 1075
0.132048 1076
0.132326 1077
0.132604 1078
0.132883 1079
0.133162 1080
0.133441 1081
0.133721 1082
0.134001 1083
0.134281 1084
0.134562 1085
0.134843 1086
0.135124 1087
0.135408 1088
0.135691 1089
0.135974 1090
0.136258 1091
0.136542 1092
0.136826 1093
0.137111 1094
0.137397 1095
0.137683 1096
0.13797 1097
0.138256 1098
0.138543 1099
0.138832 1100
0.13912 1101
0.139409 1102
0.139699 1103
0.139989 1104
0.140279 1105
0.140569 1106
0.14086 1107
0.141151 1108
0.141443 1109
0.141736 1110
0.142029 1111
0.142323 1112
0.142617 1113
0.142913 1114
0.143208 1115
0.143504 1116
0.1438 1117
0.144097 1118
0.144394 1119
0.144691 1120
0.144991 1121
0.145291 1122
0.145592 1123
0.145894 1124
0.146196 1125
0.146498 1126
0.146802 1127
0.147106 1128
0.147411 1129
0.147715 1130
0.14802 1131
0.148325 1132
0.148631 1133
0.148937 1134
0.149243 1135
0.14955 1136
0.149859 1137
0.150167 1138
0.150476 1139
0.150785 1140
0.151096 1141
0.151406 1142
0.151717 1143
0.152031 1144
0.152345 1145
0.152659 1146
0.152973 1147
0.153288 1148
0.153603 1149
0.153919 1150
0.154235 1151
0.154551 1152
0.154868 1153
0.155186 1154
0.155505 1155
0.155824 1156
0.156143 1157
0.156463 1158
0.156784 1159
0.157105 1160
0.157426 1161
0.157747 1162
0.158068 1163
0.15839 1164
0.158712 1165
0.159036 1166
0.15936 1167
0.159685 1168
0.16001 1169
0.160336 1170
0.160663 1171
0.16099 1172
0.161318 1173
0.161647 1174
0.161976 1175
0.162307 1176
0.162638 1177
0.162969 1178
0.1633 1179
0.163634 1180
0.163967 1181
0.164302 1182
0.164637 1183
0.164973 1184
0.165309 1185
0.165646 1186
0.165983 1187
0.166322 1188
0.16666 1189
0.167 1190
0.16734 1191
0.16768 1192
0.168021 1193
0.168362 1194
0.168703 1195
0.169045 1196
0.169386 1197
0.169729 1198
0.170073 1199
0.170417 1200
0.170761 1201
0.171105 1202
0.17145 1203
0.171797 1204
0.172143 1205
0.17249 1206
0.172838 1207
0.173186 1208
0.173536 1209
0.173887 1210
0.174239 1211
0.174592 1212
0.174947 1213
0.175301 1214
0.175658 1215
0.176014 1216
0.176371 1217
0.176728 1218
0.177085 1219
0.177443 1220
0.177801 1221
0.17816 1222
0.178519 1223
0.178879 1224
0.17924 1225
0.1796 1226
0.179962 1227
0.180325 1228
0.180689 1229
0.181055 1230
0.18142 1231
0.181788 1232
0.182155 1233
0.182524 1234
0.182893 1235
0.183262 1236
0.183633 1237
0.184006 1238
0.184379 1239
0.184754 1240
0.18513 1241
0.185506 1242
0.185883 1243
0.186262 1244
0.18664 1245
0.18702 1246
0.1874 1247
0.187781 1248
0.188162 1249
0.188545 1250
0.188929 1251
0.189313 1252
0.189699 1253
0.190085 1254
0.190471 1255
0.190858 1256
0.191245 1257
0.191631 1258
0.192019 1259
0.192407 1260
0.192795 1261
0.193184 1262
0.193573 1263
0.193964 1264
0.194355 1265
0.194746 1266
0.195138 1267
0.19553 1268
0.195923 1269
0.196317 1270
0.196713 1271
0.197109 1272
0.197506 1273
0.197903 1274
0.1983 1275
0.1987 1276
0.1991 1277
0.199501 1278
0.199904 1279
0.200307 1280
0.200711 1281
0.201115 1282
0.201519 1283
0.201926 1284
0.202337 1285
0.20275 1286
0.203164 1287
0.203578 1288
0.203993 1289
0.204409 1290
0.204825 1291
0.205243 1292
0.205662 1293
0.206082 1294
0.206502 1295
0.206924 1296
0.207346 1297
0.207768 1298
0.208194 1299
0.20862 1300
0.209046 1301
0.209473 1302
0.209902 1303
0.210334 1304
0.210767 1305
0.2112 1306
0.211633 1307
0.212068 1308
0.212504 1309
0.21294 1310
0.213378 1311
0.213816 1312
0.214257 1313
0.214698 1314
0.215142 1315
0.215587 1316
0.216036 1317
0.216486 1318
0.216936 1319
0.217388 1320
0.217842 1321
0.218299 1322
0.218758 1323
0.21922 1324
0.219685 1325
0.22015 1326
0.220616 1327
0.221082 1328
0.22155 1329
0.222017 1330
0.222485 1331
0.222953 1332
0.223422 1333
0.223895 1334
0.224371 1335
0.224854 1336
0.22535 1337
0.225849 1338
0.226349 1339
0.226849 1340
0.227355 1341
0.227865 1342
0.228375 1343
0.228891 1344
0.229409 1345
0.229928 1346
0.23045 1347
0.230972 1348
0.231497 1349
0.232026 1350
0.232559 1351
0.233104 1352
0.23365 1353
0.234198 1354
0.234747 1355
0.235297 1356
0.235847 1357
0.2364 1358
0.236957 1359
0.237514 1360
0.238071 1361
0.238629 1362
0.239204 1363
0.239783 1364
0.240364 1365
0.240949 1366
0.241538 1367
0.242128 1368
0.242723 1369
0.24332 1370
0.243917 1371
0.244518 1372
0.245122 1373
0.245727 1374
0.246337 1375
0.246949 1376
0.247564 1377
0.248184 1378
0.248805 1379
0.249427 1380
0.250052 1381
0.250679 1382
0.251307 1383
0.251935 1384
0.252568 1385
0.253203 1386
0.253841 1387
0.254492 1388
0.25515 1389
0.255815 1390
0.256482 1391
0.25715 1392
0.25782 1393
0.258492 1394
0.259166 1395
0.259841 1396
0.260525 1397
0.261213 1398
0.261918 1399
0.262622 1400
0.263328 1401
0.264045 1402
0.264764 1403
0.265483 1404
0.266205 1405
0.266929 1406
0.267656 1407
0.268384 1408
0.269116 1409
0.269855 1410
0.270597 1411
0.271351 1412
0.272113 1413
0.272876 1414
0.27364 1415
0.274404 1416
0.275174 1417
0.275945 1418
0.276719 1419
0.277494 1420
0.278273 1421
0.279054 1422
0.279837 1423
0.280621 1424
0.281406 1425
0.282193 1426
0.283003 1427
0.283813 1428
0.284625 1429
0.285438 1430
0.286256 1431
0.287085 1432
0.287919 1433
0.28876 1434
0.289602 1435
0.290447 1436
0.291294 1437
0.292148 1438
0.293009 1439
0.293878 1440
0.294756 1441
0.295634 1442
0.296512 1443
0.2974 1444
0.298304 1445
0.299222 1446
0.300141 1447
0.301061 1448
0.301984 1449
0.302913 1450
0.303846 1451
0.304781 1452
0.305719 1453
0.306658 1454
0.307601 1455
0.308552 1456
0.309514 1457
0.310476 1458
0.311439 1459
0.312407 1460
0.313377 1461
0.314351 1462
0.315325 1463
0.316316 1464
0.317316 1465
0.31832 1466
0.319334 1467
0.320348 1468
0.321377 1469
0.322407 1470
0.323438 1471
0.324469 1472
0.325535 1473
0.326611 1474
0.327692 1475
0.32878 1476
0.329867 1477
0.330957 1478
0.332056 1479
0.333159 1480
0.334263 1481
0.335376 1482
0.336489 1483
0.337609 1484
0.338738 1485
0.33987 1486
0.341027 1487
0.34219 1488
0.343354 1489
0.344527 1490
0.345705 1491
0.346884 1492
0.348067 1493
0.349286 1494
0.350511 1495
0.351736 1496
0.352986 1497
0.354247 1498
0.355518 1499
0.356808 1500
0.35811 1501
0.359422 1502
0.360741 1503
0.362065 1504
0.363392 1505
0.364719 1506
0.366047 1507
0.367384 1508
0.368724 1509
0.370109 1510
0.371505 1511
0.372905 1512
0.374318 1513
0.375732 1514
0.37715 1515
0.37857 1516
0.379999 1517
0.381431 1518
0.382885 1519
0.384352 1520
0.385823 1521
0.387313 1522
0.388807 1523
0.39032 1524
0.391862 1525
0.393438 1526
0.395015 1527
0.396612 1528
0.398235 1529
0.399872 1530
0.401526 1531
0.403185 1532
0.404846 1533
0.40651 1534
0.408177 1535
0.409861 1536
0.411556 1537
0.413254 1538
0.414969 1539
0.41671 1540
0.418462 1541
0.420217 1542
0.421972 1543
0.423729 1544
0.425487 1545
0.427253 1546
0.429024 1547
0.430812 1548
0.432651 1549
0.434509 1550
0.436369 1551
0.438259 1552
0.44016 1553
0.442063 1554
0.443968 1555
0.445908 1556
0.447863 1557
0.449835 1558
0.451817 1559
0.45389 1560
0.456004 1561
0.45815 1562
0.460298 1563
0.462473 1564
0.464666 1565
0.466864 1566
0.469064 1567
0.471282 1568
0.473531 1569
0.475807 1570
0.478104 1571
0.480443 1572
0.482801 1573
0.485237 1574
0.487767 1575
0.490331 1576
0.492973 1577
0.495642 1578
0.49832 1579
0.501039 1580
0.503805 1581
0.506596 1582
0.509416 1583
0.512349 1584
0.515341 1585
0.518346 1586
0.52139 1587
0.524458 1588
0.52759 1589
0.530786 1590
0.534181 1591
0.537593 1592
0.541019 1593
0.544468 1594
0.547986 1595
0.551518 1596
0.555359 1597
0.559245 1598
0.563576 1599
0.568639 1600
0.573856 1601
0.579325 1602
0.584843 1603
0.591057 1604
0.597543 1605
0.604232 1606
0.61176 1607
0.621732 1608
0.631795 1609
0.641867 1610
0.652701 1611
0.664544 1612
0.678199 1613
0.692013 1614
0.707357 1615
0.790233 1616
0.874787 1617
0.95957 1618
1.04479 1619
1.13015 1620
1.21556 1621
1.30114 1622
1.38693 1623
1.47291 1624
1.559 1625
1.64547 1626
1.73201 1627
1.81867 1628
1.90553 1629
1.99243 1630
2.07941 1631
2.16642 1632
2.25349 1633
2.34057 1634
2.42768 1635
2.51484 1636
2.60201 1637
2.6892 1638
2.77648 1639
2.86377 1640
2.95114 1641
3.03854 1642
3.12595 1643
3.2135 1644
3.30114 1645
3.38888 1646
3.47666 1647
3.56459 1648
3.65256 1649
3.74059 1650
3.82878 1651
3.91708 1652
4.00541 1653
4.09374 1654
4.18208 1655
4.27043 1656
4.35881 1657
4.44719 1658
4.53558 1659
4.62401 1660
4.71256 1661
4.80111 1662
4.88968 1663
4.97826 1664
5.06687 1665
5.15548 1666
5.24414 1667
5.33282 1668
5.42154 1669
5.51029 1670
5.5991 1671
5.68792 1672
5.77675 1673
5.86559 1674
5.95447 1675
6.04336 1676
6.13239 1677
6.22142 1678
6.31048 1679
6.39955 1680
6.48866 1681
6.57778 1682
6.66695 1683
6.75616 1684
6.8454 1685
6.93464 1686
7.02389 1687
7.11319 1688
7.20254 1689
7.29193 1690
7.38133 1691
7.47073 1692
7.56013 1693
7.64958 1694
7.7391 1695
7.82865 1696
7.9182 1697
8.00777 1698
8.09743 1699
8.18724 1700
8.27706 1701
8.36689 1702
8.45675 1703
8.54664 1704
8.63653 1705
8.72643 1706
8.81633 1707
8.90626 1708
8.99619 1709
9.08623 1710
9.17628 1711
9.26637 1712
9.3565 1713
9.44669 1714
9.5369 1715
9.62714 1716
9.71739 1717
9.80767 1718
9.89795 1719
9.98826 1720
10.0786 1721
10.169 1722
10.2594 1723
10.3499 1724
10.4404 1725
10.531 1726
10.6215 1727
10.7121 1728
10.8027 1729
10.8933 1730
10.9839 1731
11.0746 1732
11.1653 1733
11.256 1734
11.3468 1735
11.4376 1736
11.5285 1737
11.6194 1738
11.7103 1739
11.8012 1740
11.8921 1741
11.9832 1742
12.0742 1743
12.1653 1744
12.2565 1745
12.3476 1746
12.4389 1747
12.5301 1748
12.6214 1749
12.7127 1750
12.804 1751
12.8953 1752
12.9867 1753
13.078 1754
13.1694 1755
13.2608 1756
13.3522 1757
13.4437 1758
13.5353 1759
13.6268 1760
13.7185 1761
13.8101 1762
13.9017 1763
13.9934 1764
14.0851 1765
14.1769 1766
14.2688 1767
14.3606 1768
14.4525 1769
14.5444 1770
14.6363 1771
14.7283 1772
14.8202 1773
14.9122 1774
15.0041 1775
15.0962 1776
15.1883 1777
15.2804 1778
15.3725 1779
15.4646 1780
15.5568 1781
15.649 1782
15.7412 1783
15.8334 1784
15.9257 1785
16.0179 1786
16.1102 1787
16.2026 1788
16.2949 1789
16.3873 1790
16.4796 1791
16.572 1792
16.6644 1793
16.7569 1794
16.8493 1795
16.9417 1796
17.0342 1797
17.1267 1798
17.2191 1799
17.3117 1800
17.4043 1801
17.4969 1802
17.5895 1803
17.6821 1804
17.7748 1805
17.8675 1806
17.9601 1807
18.0528 1808
18.1455 1809
18.2382 1810
18.331 1811
18.4237 1812
18.5164 1813
18.6092 1814
18.702 1815
18.7947 1816
18.8875 1817
18.9803 1818
19.0731 1819
19.1659 1820
19.2588 1821
19.3517 1822
19.4446 1823
19.5376 1824
19.6306 1825
19.7236 1826
19.8167 1827
19.9097 1828
20.0028 1829
20.0959 1830
20.1891 1831
20.2823 1832
20.3755 1833
20.4688 1834
20.5621 1835
20.6554 1836
20.7487 1837
20.842 1838
20.9353 1839
21.0286 1840
21.122 1841
21.2153 1842
21.3087 1843
21.4022 1844
21.4957 1845
21.5892 1846
21.6827 1847
21.7762 1848
21.8697 1849
21.9633 1850
22.0568 1851
22.1504 1852
22.2439 1853
22.3376 1854
22.4312 1855
22.5248 1856
22.6184 1857
22.7121 1858
22.8057 1859
22.8994 1860
22.9931 1861
23.0868 1862
23.1805 1863
23.2742 1864
23.3679 1865
23.4617 1866
23.5554 1867
23.6492 1868
23.743 1869
23.8368 1870
23.9306 1871
24.0244 1872
24.1182 1873
24.212 1874
24.3058 1875
24.3997 1876
24.4936 1877
24.5875 1878
24.6814 1879
24.7753 1880
24.8692 1881
24.9633 1882
25.0573 1883
25.1513 1884
25.2454 1885
25.3394 1886
25.4335 1887
25.5275 1888
25.6216 1889
25.7157 1890
25.8099 1891
25.904 1892
25.9981 1893
26.0923 1894
26.1865 1895
26.2807 1896
26.3749 1897
26.4691 1898
26.5634 1899
26.6577 1900
26.752 1901
26.8463 1902
26.9406 1903
27.0349 1904
27.1293 1905
27.2236 1906
27.318 1907
27.4124 1908
27.5068 1909
27.6013 1910
27.6957 1911
27.7902 1912
27.8847 1913
27.9792 1914
28.0737 1915
28.1682 1916
28.2628 1917
28.3574 1918
28.452 1919
28.5465 1920
28.6412 1921
28.7358 1922
28.8305 1923
28.9251 1924
29.0198 1925
29.1145 1926
29.2092 1927
29.3039 1928
29.3986 1929
29.4933 1930
29.5881 1931
29.6829 1932
29.7776 1933
29.8724 1934
29.9672 1935
30.0621 1936
30.1569 1937
30.2518 1938
30.3467 1939
30.4416 1940
30.5365 1941
30.6314 1942
30.7263 1943
30.8213 1944
30.9162 1945
31.0111 1946
31.1061 1947
31.2011 1948
31.2961 1949
31.3911 1950
31.4862 1951
31.5812 1952
31.6763 1953
31.7715 1954
31.8666 1955
31.9617 1956
32.0569 1957
32.152 1958
32.2472 1959
32.3424 1960
32.4376 1961
32.5328 1962
32.6281 1963
32.7233 1964
32.8186 1965
32.9139 1966
33.0093 1967
33.1046 1968
33.2 1969
33.2954 1970
33.3908 1971
33.4863 1972
33.5818 1973
33.6773 1974
33.7729 1975
33.8685 1976
33.9641 1977
34.0597 1978
34.1554 1979
34.2511 1980
34.3468 1981
34.4425 1982
34.5383 1983
34.634 1984
34.7298 1985
34.8255 1986
34.9213 1987
35.0172 1988
35.113 1989
35.2089 1990
35.3048 1991
35.4008 1992
35.4968 1993
35.5928 1994
35.6888 1995
35.7848 1996
35.8808 1997
35.9769 1998
36.073 1999
36.1691 2000
36.2653 2001
36.3614 2002
36.4576 2003
36.5538 2004
36.65 2005
36.7462 2006
36.8424 2007
36.9386 2008
37.0348 2009
37.1311 2010
37.2273 2011
37.3237 2012
37.4201 2013
37.5165 2014
37.6129 2015
37.7094 2016
37.8059 2017
37.9024 2018
37.9989 2019
38.0954 2020
38.192 2021
38.2885 2022
38.385 2023
38.4816 2024
38.5783 2025
38.6749 2026
38.7716 2027
38.8683 2028
38.965 2029
39.0618 2030
39.1587 2031
39.2555 2032
39.3524 2033
39.4492 2034
39.5461 2035
39.643 2036
39.7399 2037
39.8369 2038
39.9339 2039
40.031 2040
40.1281 2041
40.2252 2042
40.3223 2043
40.4195 2044
40.5167 2045
40.614 2046
40.7112 2047
40.8085 2048
40.9058 2049
41.0032 2050
41.1006 2051
41.1981 2052
41.2956 2053
41.3931 2054
41.4906 2055
41.5882 2056
41.6857 2057
41.7833 2058
41.8809 2059
41.9785 2060
42.0762 2061
42.1738 2062
42.2715 2063
42.3692 2064
42.4669 2065
42.5647 2066
42.6624 2067
42.7602 2068
42.858 2069
42.9558 2070
43.0537 2071
43.1516 2072
43.2495 2073
43.3474 2074
43.4453 2075
43.5432 2076
43.6412 2077
43.7391 2078
43.837 2079
43.9351 2080
44.0332 2081
44.1313 2082
44.2294 2083
44.3276 2084
44.4257 2085
44.5239 2086
44.6221 2087
44.7203 2088
44.8185 2089
44.9167 2090
45.015 2091
45.1133 2092
45.2116 2093
45.3099 2094
45.4083 2095
45.5067 2096
45.6051 2097
45.7036 2098
45.802 2099
45.9006 2100
45.9992 2101
46.0978 2102
46.1964 2103
46.2951 2104
46.3937 2105
46.4924 2106
46.5911 2107
46.6899 2108
46.7887 2109
46.8875 2110
46.9863 2111
47.0852 2112
47.1841 2113
47.2831 2114
47.3822 2115
47.4812 2116
47.5803 2117
47.6793 2118
47.7784 2119
47.8776 2120
47.9767 2121
48.0759 2122
48.1753 2123
48.2746 2124
48.3741 2125
48.4735 2126
48.573 2127
48.6725 2128
48.772 2129
48.8715 2130
48.9711 2131
49.0707 2132
49.1703 2133
49.27 2134
49.3697 2135
49.4694 2136
49.5691 2137
49.6689 2138
49.7686 2139
49.8684 2140
49.9682 2141
50.0681 2142
50.1679 2143
50.2678 2144
50.3677 2145
50.4676 2146
50.5675 2147
50.6675 2148
50.7675 2149
50.8676 2150
50.9676 2151
51.0677 2152
51.1679 2153
51.268 2154
51.3682 2155
51.4684 2156
51.5687 2157
51.669 2158
51.7693 2159
51.8698 2160
51.9702 2161
52.0707 2162
52.1712 2163
52.2718 2164
52.3723 2165
52.473 2166
52.5737 2167
52.6745 2168
52.7753 2169
52.8761 2170
52.977 2171
53.0779 2172
53.1788 2173
53.2798 2174
53.3808 2175
53.4818 2176
53.5828 2177
53.6839 2178
53.7849 2179
53.886 2180
53.9872 2181
54.0884 2182
54.1896 2183
54.2907 2184
54.392 2185
54.4933 2186
54.5947 2187
54.6962 2188
54.7977 2189
54.8993 2190
55.0009 2191
55.1025 2192
55.2041 2193
55.3057 2194
55.4075 2195
55.5092 2196
55.611 2197
55.7128 2198
55.8146 2199
55.9166 2200
56.0185 2201
56.1205 2202
56.2224 2203
56.3244 2204
56.4264 2205
56.5285 2206
56.6305 2207
56.7326 2208
56.8347 2209
56.9368 2210
57.0389 2211
57.141 2212
57.2432 2213
57.3454 2214
57.4477 2215
57.55 2216
57.6522 2217
57.7545 2218
57.857 2219
57.9595 2220
58.062 2221
58.1645 2222
58.267 2223
58.3695 2224
58.4721 2225
58.5749 2226
58.6777 2227
58.7806 2228
58.8835 2229
58.9865 2230
59.0896 2231
59.1927 2232
59.2958 2233
59.3992 2234
59.5026 2235
59.6061 2236
59.7096 2237
59.8131 2238
59.9167 2239
60.0202 2240
60.1238 2241
60.2274 2242
60.331 2243
60.4348 2244
60.5386 2245
60.6425 2246
60.7464 2247
60.8503 2248
60.9543 2249
61.0583 2250
61.1623 2251
61.2664 2252
61.3705 2253
61.4745 2254
61.5787 2255
61.6829 2256
61.7871 2257
61.8914 2258
61.9958 2259
62.1002 2260
62.2046 2261
62.3091 2262
62.4137 2263
62.5182 2264
62.6228 2265
62.7275 2266
62.8321 2267
62.9367 2268
63.0414 2269
63.1461 2270
63.2509 2271
63.3556 2272
63.4604 2273
63.5653 2274
63.6701 2275
63.775 2276
63.88 2277
63.985 2278
64.0901 2279
64.1952 2280
64.3004 2281
64.4058 2282
64.5113 2283
64.6168 2284
64.7224 2285
64.828 2286
64.9337 2287
65.0397 2288
65.1458 2289
65.2518 2290
65.3579 2291
65.4642 2292
65.5706 2293
65.6771 2294
65.7836 2295
65.8901 2296
65.9967 2297
66.1033 2298
66.2099 2299
66.3169 2300
66.4239 2301
66.531 2302
66.638 2303
66.7452 2304
66.8524 2305
66.9597 2306
67.067 2307
67.1744 2308
67.2818 2309
67.3892 2310
67.4967 2311
67.6043 2312
67.712 2313
67.8199 2314
67.9279 2315
68.036 2316
68.1443 2317
68.2527 2318
68.3613 2319
68.47 2320
68.5787 2321
68.6876 2322
68.7965 2323
68.9055 2324
69.0148 2325
69.1242 2326
69.2337 2327
69.3432 2328
69.4528 2329
69.5624 2330
69.672 2331
69.7818 2332
69.8919 2333
70.0022 2334
70.1125 2335
70.2229 2336
70.3334 2337
70.444 2338
70.5546 2339
70.6654 2340
70.7763 2341
70.8872 2342
70.9981 2343
71.1093 2344
71.2204 2345
71.3316 2346
71.4429 2347
71.5541 2348
71.6656 2349
71.7771 2350
71.8886 2351
72.0002 2352
72.1118 2353
72.2236 2354
72.3353 2355
72.4471 2356
72.5588 2357
72.6707 2358
72.7828 2359
72.8949 2360
73.0072 2361
73.1195 2362
73.2318 2363
73.3443 2364
73.4569 2365
73.5696 2366
73.6823 2367
73.7953 2368
73.9083 2369
74.0214 2370
74.1353 2371
74.2493 2372
74.3636 2373
74.4779 2374
74.5923 2375
74.7073 2376
74.8225 2377
74.9377 2378
75.053 2379
75.1684 2380
75.2839 2381
75.3995 2382
75.5153 2383
75.6311 2384
75.7473 2385
75.8639 2386
75.9807 2387
76.0977 2388
76.2147 2389
76.332 2390
76.4496 2391
76.5672 2392
76.6849 2393
76.8028 2394
76.9207 2395
77.0388 2396
77.1572 2397
77.2755 2398
77.3941 2399
77.5128 2400
77.6321 2401
77.7515 2402
77.8711 2403
77.9909 2404
78.1106 2405
78.2305 2406
78.3505 2407
78.4711 2408
78.5917 2409
78.7125 2410
78.8337 2411
78.9551 2412
79.0767 2413
79.1986 2414
79.3208 2415
79.4431 2416
79.5659 2417
79.6887 2418
79.8115 2419
79.9349 2420
80.0584 2421
80.182 2422
80.3062 2423
80.4306 2424
80.5552 2425
80.68 2426
80.8059 2427
80.9321 2428
81.0586 2429
81.1857 2430
81.3136 2431
81.4422 2432
81.5709 2433
81.6997 2434
81.8286 2435
81.9584 2436
82.0882 2437
82.219 2438
82.3503 2439
82.482 2440
82.6142 2441
82.7465 2442
82.879 2443
83.0124 2444
83.1482 2445
83.2847 2446
83.4213 2447
83.5582 2448
83.6961 2449
83.8344 2450
83.9728 2451
84.1113 2452
84.2498 2453
84.3885 2454
84.5281 2455
84.6684 2456
84.8088 2457
84.9493 2458
85.0905 2459
85.2324 2460
85.3777 2461
85.5287 2462
85.6803 2463
85.8322 2464
85.9853 2465
86.1391 2466
86.2943 2467
86.4512 2468
86.6086 2469
86.7684 2470
86.9312 2471
87.0997 2472
87.2689 2473
87.445 2474
87.6212 2475
87.7974 2476
87.9737 2477
88.1501 2478
88.3277 2479
88.5053 2480
88.6833 2481
88.8614 2482
89.0402 2483
89.2203 2484
89.4003 2485
89.5805 2486
89.7612 2487
89.9434 2488
90.127 2489
90.3115 2490
90.4965 2491
90.6816 2492
90.8682 2493
91.0554 2494
91.2438 2495
91.4325 2496
91.6217 2497
91.8113 2498
92.0011 2499
92.1927 2500
92.3844 2501
92.5774 2502
92.771 2503
92.9646 2504
93.1586 2505
93.3549 2506
93.5529 2507
93.7529 2508
93.9541 2509
94.1565 2510
94.3592 2511
94.562 2512
94.7668 2513
94.9717 2514
95.1771 2515
95.3831 2516
95.5936 2517
95.8047 2518
96.0173 2519
96.2302 2520
96.444 2521
96.6584 2522
96.8728 2523
97.0878 2524
97.3037 2525
97.5199 2526
97.7387 2527
97.9593 2528
98.1807 2529
98.4025 2530
98.6244 2531
98.8534 2532
99.0841 2533
99.3154 2534
99.5473 2535
99.7869 2536
100.028 2537
100.272 2538
100.516 2539
100.761 2540
101.011 2541
101.262 2542
101.521 2543
101.782 2544
102.046 2545
102.31 2546
102.575 2547
102.841 2548
103.111 2549
103.382 2550
103.658 2551
103.934 2552
104.211 2553
104.489 2554
104.775 2555
105.064 2556
105.353 2557
105.649 2558
105.947 2559
106.244 2560
106.542 2561
106.843 2562
107.146 2563
107.452 2564
107.76 2565
108.068 2566
108.382 2567
108.705 2568
109.032 2569
109.364 2570
109.698 2571
110.033 2572
110.37 2573
110.711 2574
111.054 2575
111.407 2576
111.764 2577
112.145 2578
112.526 2579
112.907 2580
113.296 2581
113.688 2582
114.08 2583
114.474 2584
114.87 2585
115.287 2586
115.732 2587
116.21 2588
116.705 2589
117.223 2590
117.803 2591
118.429 2592
119.088 2593
119.835 2594
120.606 2595
121.383 2596
122.167 2597
122.957 2598
123.788 2599
124.742 2600
125.7 2601
126.739 2602
127.781 2603
128.983 2604
130.258 2605
131.552 2606
133.327 2607
135.312 2608
139.919 2609
145.751 2610
152.232 2611
161.699 2612
176.492 2613
199.633 2614
225.362 2615
274.309 2616
