 0.1130512730000000
 0.0849882890000000
 0.0918968920000000
 0.0962833040000000
 0.0935973300000000
 0.0909476720000000
 0.0944475830000000
 0.0965785250000000
 0.0920198130000000
 0.0934906810000000
 0.0863018670000000
 0.0899577990000000
 0.0865347150000000
 0.0880765420000000
 0.0897102800000000
 0.0855875200000000
 0.0932512580000000
 0.0851977340000000
 0.0982586330000000
 0.0981989870000000
 0.0978420200000000
 0.0901615220000000
 0.1001792740000000
 0.0959491690000000
 0.0939125130000000
 0.0968001910000000
 0.0913132120000000
 0.0987691690000000
 0.0925598840000000
 0.0970426050000000
 0.1303321200000000
 0.0863954390000000
 0.0886979820000000
 0.1028866140000000
 0.0916566880000000
 0.0992966780000000
 0.0980868780000000
 0.0902799630000000
 0.0909967480000000
 0.0897556600000000
 0.0906630440000000
 0.0918979160000000
 0.0891062720000000
 0.0928555160000000
 0.0947450150000000
 0.0924085960000000
 0.0875571770000000
 0.0884869100000000
 0.0971416990000000
 0.0956201960000000
 0.0909396810000000
 0.0966208890000000
 0.0925851530000000
 0.0970064150000000
 0.0997625760000000
 1.2128978060000000
 0.0926285140000000
 0.7089902960000000
 0.1281011250000000
 0.6973998860000000
 1.2510568010000001
 0.1014906440000000
 0.0930593500000000
 0.0928605110000000
 0.0986992790000000
 0.0995616150000000
 0.0999866020000000
 0.0938850130000000
 0.1001088880000000
 0.0949296360000000
 0.1148398340000000
 0.0984879320000000
 0.0911922660000000
 0.0980656690000000
 0.0966037430000000
 0.0927078970000000
 0.0887320860000000
 0.0871560380000000
 0.0931154920000000
 0.1098749200000000
 0.0969934530000000
 0.0926180090000000
 0.1042145280000000
 0.0927478450000000
 0.0948710980000000
 0.0958819860000000
 0.0942247830000000
 0.0883572400000000
 0.0957258900000000
 0.1013281730000000
 0.0961216130000000
 0.1291008700000000
 0.0870219320000000
 0.0945994080000000
 0.0968170920000000
 0.0981735570000000
 0.0965845880000000
 0.1085016100000000
 0.0954162760000000
 0.1042032010000000
 0.0969680870000000
 0.1063752720000000
 12.8930463320000008
 0.1041110010000000
 0.0967153270000000
 0.1707764670000000
 0.0899539570000000
 0.1689501080000000
 0.0975873700000000
 0.1713604060000000
 0.0882447870000000
 0.1750715800000000
 0.1592079560000000
 0.1686432840000000
 0.1813284830000000
 0.1749411070000000
 0.1718429320000000
 0.1566973510000000
 0.1469384470000000
 0.0888483540000000
 0.0903843810000000
 0.0946028820000000
 0.0928824030000000
 0.1107715720000000
 0.0995684840000000
 0.0990266520000000
 0.0927735200000000
 0.0928930190000000
 0.0941946580000000
 0.0932337750000000
 0.0936327070000000
 0.0863616330000000
 0.0882330400000000
 0.0940575540000000
 0.0918672500000000
 0.0977778090000000
 0.0977245200000000
 0.0983181040000000
 0.0910704240000000
 0.0895617030000000
 0.0856199110000000
 0.0922201560000000
 0.0960292490000000
 0.0975509580000000
 0.0871367320000000
 0.1001370540000000
 0.0995698700000000
 0.0941674050000000
 0.0915963950000000
 0.0919583150000000
 0.0959522080000000
 0.0939903570000000
 0.0925983430000000
 0.0913373520000000
 0.0940305160000000
 0.0887297450000000
 0.0919989580000000
 0.0936683130000000
 0.0842426260000000
 0.1008735940000000
 0.0917703660000000
 0.0939204410000000
 0.0882574720000000
 0.0938735080000000
 0.1021236180000000
 0.1037368870000000
 0.1021107640000000
 0.1001566650000000
 0.0936046120000000
 0.0908583690000000
 0.0945991580000000
 0.0916168500000000
 0.0885459830000000
 0.0883606200000000
 0.0921648920000000
 0.0923892230000000
 0.0984459600000000
 0.1167971260000000
 0.0973226260000000
 0.0904616650000000
 0.1014621400000000
 0.0911047640000000
 0.0909258980000000
 0.0973249960000000
 0.9444064840000000
 0.0985681030000000
 0.0945853150000000
 0.0970313080000000
 0.0946568320000000
 0.0875841810000000
 0.0956031160000000
 0.0890282950000000
 0.0965537970000000
 0.1042155610000000
 0.0917762810000000
 0.0898193880000000
 0.3185083500000000
 0.3159380310000000
 0.3102545230000000
 0.2347257110000000
 0.0950210470000000
 0.0878921050000000
 0.0895324000000000
 0.0903841190000000
 0.0932407110000000
 0.0944526020000000
 0.0959376440000000
 0.0878388820000000
 0.0975319890000000
 0.0915327340000000
 0.0929188110000000
 0.0897536550000000
 0.1016974770000000
 0.1149562770000000
 0.0977767790000000
 0.0925042970000000
 0.0897570770000000
 0.0965948490000000
 0.0892107760000000
 0.1051296990000000
 0.0916380470000000
 0.0957662440000000
 0.0988556880000000
 0.0911417530000000
 0.0899579370000000
 0.0945178960000000
 0.1144668920000000
 0.0945016910000000
 0.0942222520000000
 0.0929537190000000
 2.5593454350000000
 0.0962561710000000
 0.0944869410000000
 0.0951104140000000
 0.0876017460000000
 0.0844139660000000
 0.1023276340000000
 0.0856174070000000
 0.0904489780000000
 0.0871277310000000
 0.0941327020000000
 0.0911156120000000
 0.0930718040000000
 0.0989035060000000
 0.0972421850000000
 0.1129073740000000
 0.0965499160000000
 0.0985297840000000
 0.0983789270000000
 0.1002474670000000
 0.1014645240000000
 0.0951242350000000
 0.1138723690000000
 0.0950319740000000
 0.1097277600000000
 0.0976967790000000
 0.1086079210000000
 0.0996207050000000
 0.0988388940000000
 0.0971963610000000
 0.1071852420000000
 0.1039691780000000
 0.1078416840000000
 0.1217756370000000
 0.1444494270000000
 0.1462782240000000
 0.1031539130000000
 0.1031819190000000
 0.1002110680000000
 0.0995878710000000
 0.1025006840000000
 0.0994129880000000
 0.0956276440000000
 0.0920441400000000
 0.0975809700000000
 0.0977490780000000
 0.0972409110000000
 0.0990370960000000
 0.0954569480000000
 0.1052821910000000
 0.1034927100000000
 0.1077942500000000
 0.0959850160000000
 0.1194806980000000
 0.1043119470000000
 0.1391636580000000
 0.1964902470000000
 0.0929298660000000
 0.0932636370000000
 0.0958264720000000
 0.0939964130000000
 0.0964505060000000
 0.0969386280000000
 0.0933045620000000
 0.0841240980000000
 0.0946837240000000
 0.0975472270000000
 0.0906768400000000
 0.0944584100000000
 0.0947759100000000
 0.0946552940000000
 0.0947682980000000
 0.0977480880000000
 0.0889471440000000
 0.0901682530000000
 0.0959880800000000
 0.0882282610000000
 0.0967142890000000
 0.0959550420000000
 0.0928224380000000
 0.0857967960000000
 0.0959218660000000
 0.0903182690000000
 0.0926541900000000
 0.0984251260000000
 0.0881238430000000
 0.0890755740000000
 0.0910726240000000
 0.1131177620000000
 0.1008794960000000
 0.0925444640000000
 0.0942066940000000
 0.1165522210000000
 0.0918625980000000
 0.0961752450000000
 0.0958983920000000
 0.1136134230000000
 0.0980587310000000
 0.0914353770000000
 0.0933697780000000
 0.0999220340000000
 0.0904399230000000
 0.0957109340000000
 0.0938280750000000
 0.1239245460000000
 0.0888557060000000
 0.0924450730000000
 0.0958619310000000
 0.0898824460000000
 0.0910894480000000
 0.0970298870000000
 0.0973616350000000
 0.0895868030000000
 0.1008206070000000
 0.0925885940000000
 0.0996621460000000
 0.0889874230000000
 0.0898013570000000
 0.0954208070000000
 1.0174561250000000
 0.0971086610000000
 0.0952801390000000
 1.6290014620000000
 1.4839274190000000
 0.0941679020000000
 0.0978111160000000
 0.0949116440000000
 0.0930372370000000
 0.0976459400000000
 1.1102390030000000
 1.6614392600000001
 1.5346816070000000
 0.0953898320000000
 0.0966925860000000
 0.0918894440000000
 0.0953075580000000
 0.0959345260000000
 0.0849435620000000
 0.0901972510000000
 0.1014735130000000
 0.0900903230000000
 0.0973198280000000
 0.0961321040000000
 0.0950616420000000
 0.1045348770000000
 0.1030173580000000
 0.0898201720000000
 0.0892518720000000
 0.0925868750000000
 0.0913550100000000
 0.0974708220000000
 1.0623880750000001
 0.0905774610000000
 0.1079127530000000
 1.6408794490000000
 1.1697016700000000
 0.0959491770000000
 0.0981655640000000
 0.0967578210000000
 0.0954982150000000
 0.0931887390000000
 0.1181318100000000
 1.1885136949999999
 1.7216739610000000
 0.1005083700000000
 0.0918649560000000
 0.0968726130000000
 0.0961660230000000
 0.1073646680000000
 0.0960922000000000
 0.0952161050000000
 0.1130205980000000
 0.0996794860000000
 0.1064628000000000
 0.0984517340000000
 0.1043786490000000
 0.0949514720000000
 0.0922883340000000
 0.0931893640000000
 0.0953620020000000
 0.1032763360000000
 0.0929491780000000
 0.0968838520000000
 0.0964119310000000
 0.0926225950000000
 0.0934024480000000
 0.0929657970000000
 0.0933526510000000
 0.0948353230000000
 0.0928509080000000
 0.0967309680000000
 0.0940771880000000
 0.1041525660000000
 0.0901856020000000
 0.1156777210000000
 0.1395259030000000
 0.0970417630000000
 0.1017482620000000
 0.1089673890000000
 0.1039585430000000
 0.1032049500000000
 0.1061422170000000
 0.1026858860000000
 0.1047979020000000
 0.1037582370000000
 0.1099861700000000
 0.1043026520000000
 0.0958942580000000
 0.0980944140000000
 0.0912506160000000
 0.0899285800000000
 0.0889927700000000
 0.1017930960000000
 0.0933734570000000
 0.1019782470000000
 0.0932391490000000
 0.0918742310000000
 0.0899640580000000
 0.0957766420000000
 0.0837375220000000
 0.0895960610000000
 0.0926005860000000
 0.0929736110000000
 0.0977051130000000
 0.0951951360000000
 0.0934261830000000
 0.0979051380000000
 0.1021737990000000
 0.0916111350000000
 0.1050919980000000
 0.0922136600000000
 0.1163922610000000
 0.0959826020000000
 0.0950116600000000
 0.0993959090000000
 0.1004322220000000
 0.0856976280000000
 0.1051134380000000
 0.0964288900000000
 0.0977099980000000
 0.0990066100000000
 0.0942879580000000
 0.0941148890000000
 0.0966169720000000
 0.0889151670000000
 0.0931324240000000
 0.0937071530000000
 0.0937654000000000
 0.0946863340000000
 0.1049378510000000
 0.0990979590000000
 0.0949790390000000
 0.0903314170000000
 0.0912209920000000
 0.0924333760000000
 0.0872391030000000
 0.0930868850000000
 0.0949851160000000
 0.0901934080000000
 0.1015093150000000
 0.1161199380000000
 0.1030549830000000
 0.0972910800000000
 0.1010965500000000
 0.0928183420000000
 0.1037257430000000
 0.1011650630000000
 0.0986280590000000
 0.0951474930000000
 0.0902354510000000
 0.0962273170000000
 0.0968562420000000
 0.0955590010000000
 0.0966634100000000
 0.1012404910000000
 0.1008643210000000
 0.1007216340000000
 0.0915242390000000
 0.0991138060000000
 0.0967837450000000
 0.0969990670000000
 0.0979357150000000
 0.0978232000000000
 0.0965371310000000
 0.0947286480000000
 0.0952776040000000
 0.0979292870000000
 0.0967109670000000
 0.0958629480000000
 0.0919031290000000
 0.1036957750000000
 0.0964577900000000
 0.0984180380000000
 0.0995147640000000
 0.0949539560000000
 0.0945659140000000
 0.0923446670000000
 0.0971398640000000
 0.0991965650000000
 0.1035339480000000
 0.0984371020000000
 0.1102708840000000
 0.0956852670000000
 0.0987284120000000
 0.0924157640000000
 0.1039524390000000
 0.0959254530000000
 0.1138854070000000
 0.1005797060000000
 0.1031394770000000
 0.0897369800000000
 0.1051641910000000
 0.1069330740000000
 0.0992797410000000
 0.1229003010000000
 0.0954344620000000
 0.1110482880000000
 0.1077010510000000
 0.0925075310000000
 0.1134201150000000
 0.0937100670000000
 0.1139340110000000
 0.1151008570000000
 0.1075505420000000
 0.0982317610000000
 0.0931157810000000
 0.0917933970000000
 0.0905998010000000
 0.0881836250000000
 0.0986559800000000
 0.0943747490000000
 0.1034118560000000
 0.1017172840000000
 0.1017115560000000
 0.0984675450000000
 0.0972731810000000
 0.0969285120000000
 0.0954348060000000
 0.0964439490000000
 0.0882739980000000
 0.1027779700000000
 0.0989393930000000
 0.0904423040000000
 0.1068204790000000
 0.1130398190000000
 0.1027624620000000
 0.0989083830000000
 0.0980413680000000
 0.1051976350000000
 0.1101273450000000
 0.0977984560000000
 0.0944909600000000
 0.1039204370000000
 0.0960171420000000
 0.1164507490000000
 0.0924587740000000
 0.0949649750000000
 0.0962657770000000
 0.0973891810000000
 0.0932667710000000
 0.0941386750000000
 0.0946484500000000
 0.0984453280000000
 0.0984111760000000
 0.0995859140000000
 0.1026366020000000
 0.1024339200000000
 0.0942084450000000
 0.1013332840000000
 0.0915932200000000
 0.0959130030000000
 0.1022467440000000
 0.0978063440000000
 0.0935458570000000
 0.0931586520000000
 0.0970198540000000
 0.1002251020000000
 0.1042145330000000
 0.0899889530000000
 0.1171138190000000
 0.1010656470000000
 0.1026917040000000
 0.1049885190000000
 0.1202610960000000
 0.1193485430000000
 0.1003066050000000
 0.0959399590000000
 0.0953002770000000
 0.0980632180000000
 0.0950119710000000
 0.0967443940000000
 0.0960640650000000
 0.0972375470000000
 0.1715828480000000
 0.1080372480000000
 0.1389772890000000
 0.0961875450000000
 0.0978791130000000
 0.1313079630000000
 0.0994072490000000
 0.1100859840000000
 0.0911486690000000
 0.1074105560000000
 0.1035626240000000
 0.0904102320000000
 0.0945289400000000
 0.1033496050000000
 0.1104502770000000
 0.0963408430000000
 0.0998594020000000
 0.0972238530000000
 0.1054442990000000
 0.0972936950000000
 0.1295116300000000
 0.1006765480000000
 0.1145628360000000
 0.1154551350000000
 0.1124154110000000
 0.1116567910000000
 0.1084508440000000
 0.1208217060000000
 0.0977620500000000
 0.0992294250000000
 0.0936756780000000
 0.1022498710000000
 0.1162935130000000
 0.1018687450000000
 0.0966499590000000
 0.1111564420000000
 0.0973110800000000
 0.1179370960000000
 0.1194637670000000
 0.1091451360000000
 0.1128142730000000
 0.1030403390000000
 0.1141036220000000
 0.1303912780000000
 0.1149229330000000
 0.0959507690000000
 0.1139221000000000
 0.1035857300000000
 0.1208772220000000
 0.1143596590000000
 0.1111201900000000
 0.0969891050000000
 0.1147973550000000
 0.1155856590000000
 0.1084561420000000
 0.0989101020000000
 0.1118410230000000
 0.1160832820000000
 0.0993383020000000
 0.1094022860000000
 0.1033200480000000
 0.0994170110000000
 0.0910943190000000
 0.1453897870000000
 0.1096662190000000
 0.1085134110000000
 0.1033453990000000
 0.0940059500000000
 0.0974313390000000
 0.0972329880000000
 0.1031765900000000
 0.0976908010000000
 0.1053717170000000
 0.1018130710000000
 0.1005816900000000
 0.1018206810000000
 0.1001364480000000
 0.1083418750000000
 0.0932026280000000
 0.1001921810000000
 0.0892449050000000
 0.0978112060000000
 0.1016314790000000
 0.1093816060000000
 0.0967199960000000
 0.0971663550000000
 0.0968609370000000
 0.0944006220000000
 0.1020505980000000
 0.1463943120000000
 0.1065266160000000
 0.1046549950000000
 0.1360411770000000
 0.1141585700000000
 0.1007541930000000
 0.1157464930000000
 0.1020139290000000
 0.1154094360000000
 0.1497856810000000
 0.1242848530000000
 0.1085430120000000
 0.1665585250000000
 0.1130483640000000
 0.1599997570000000
 0.1090726920000000
 0.1050417730000000
 0.1168846990000000
 0.0981027870000000
 0.0959939160000000
 0.1002681600000000
 0.1081954080000000
 0.0987475660000000
 0.1026851020000000
 0.1136100960000000
 0.1058434150000000
 0.0988709050000000
 0.0894367520000000
 0.1684884550000000
 0.0970539710000000
 0.1069349720000000
 0.0930966670000000
 0.0923909860000000
 0.1035235490000000
 0.0966253510000000
 0.1026999070000000
 0.0888065680000000
 0.1266638650000000
 0.0946820050000000
 0.0948260860000000
 0.1230149800000000
 0.1088953550000000
 0.0975879780000000
 0.0940847850000000
 0.1026167230000000
 0.1093461140000000
 0.0948463400000000
 0.0984930550000000
 0.0979735710000000
 0.0979779720000000
 0.1032473910000000
 0.1308881670000000
 0.1000625380000000
 0.1192623110000000
 0.0988819330000000
 0.1264971450000000
 0.1052597400000000
 0.1014270340000000
 0.1239678260000000
 0.1028587890000000
 0.1218338820000000
 0.1052628130000000
 0.1210709990000000
 0.1273085630000000
 0.1148911220000000
 0.0962508520000000
 0.0978544180000000
 0.1359664950000000
 0.0985686900000000
 0.1226893700000000
 0.1029878540000000
 0.1081022940000000
 0.0953446530000000
 0.0977306560000000
 0.0882709420000000
 0.1066238840000000
 0.1011895680000000
 0.1171230510000000
 0.3616852620000000
 0.3399993340000000
 0.2738471280000000
 0.6125854590000001
 0.2684682640000000
 0.3537093220000000
 0.0901753820000000
 0.1217589300000000
 0.1125425450000000
 0.1224806040000000
 0.1011413000000000
 0.1583905650000000
 0.0992671670000000
 0.1406782830000000
 0.1219337410000000
 0.0957870930000000
 0.0959440980000000
 0.0961924540000000
 0.2272611400000000
 0.0911761400000000
 0.0964697940000000
 0.2439947980000000
 0.1029548780000000
 0.0859657370000000
 0.0982638160000000
 0.2228782180000000
 0.2615105400000000
 0.0994304530000000
 0.2273425710000000
 0.1033616320000000
 0.1135072600000000
 0.2467432010000000
 0.1669735450000000
 0.2251435300000000
 0.0887799350000000
 0.1305985060000000
 0.0934440350000000
 0.0971204340000000
 0.0973301680000000
 0.1093977710000000
 0.0986528310000000
 0.1901287960000000
 0.1167152260000000
 0.1202036800000000
 0.1886867700000000
 0.1886491260000000
 0.1796043430000000
 0.1933888610000000
 0.2365745820000000
 0.2514409500000000
 0.1285353760000000
 0.1418568450000000
 0.2618182370000000
 0.3321956430000000
 0.1118206440000000
 0.1209405750000000
 0.1169873920000000
 0.3155388060000000
 0.3254654100000000
 0.0987629640000000
 0.8998743420000000
 0.1196303400000000
 0.3347270370000000
 0.1278650260000000
 0.1266452390000000
 0.3117599380000000
 0.2223602330000000
 0.3353973710000000
 0.2929857810000000
 0.1072429280000000
 0.0961971120000000
 0.0935825870000000
 0.0947883350000000
 0.0939183860000000
 0.0922240960000000
 0.0984762560000000
 0.1007885060000000
 0.0958956050000000
 0.0963465710000000
 0.0950902590000000
 0.0948122180000000
 0.0996759960000000
 0.1003413080000000
 0.0935891510000000
 0.0959261240000000
 0.0883550030000000
 0.0907051750000000
 0.1088372700000000
 0.0965748120000000
 0.0915047230000000
 0.0917725660000000
 0.0930357230000000
 0.0905402090000000
 0.0915456500000000
 0.0952371340000000
 0.0881133470000000
 0.0952117090000000
 0.0917395290000000
 0.0961858620000000
 0.0967684110000000
 0.1184722810000000
 0.0928932440000000
 0.0993798630000000
 0.0932705280000000
 0.1070873830000000
 0.1071042150000000
 0.0983866420000000
 0.0966695840000000
 0.1066182560000000
 0.0994585020000000
 0.0901961660000000
 0.0970152300000000
 0.0979320410000000
 0.0951848870000000
 0.0963490090000000
 0.0940900480000000
 0.0941698770000000
 0.0867264970000000
 0.0955248060000000
 0.0895825340000000
 0.0945359160000000
 0.0931650630000000
 0.0899399820000000
 0.0908838930000000
 0.0991027260000000
 0.0926608750000000
 0.0944877250000000
 0.0923120160000000
 0.0832447470000000
 0.0907373640000000
 0.0865426010000000
 0.0857635170000000
 0.0948883360000000
 0.0866942270000000
 0.0931024830000000
 0.1047341300000000
 0.1043226230000000
 0.0943524390000000
 0.0909639980000000
 0.0911987360000000
 0.0944817850000000
 0.0919869000000000
 0.0923391810000000
 0.0908595860000000
 0.0958499850000000
 0.0946643520000000
 0.0982435980000000
 0.0871337380000000
 0.0959575380000000
 0.0906074550000000
 0.0909959140000000
 0.0881171790000000
 0.0886344960000000
 0.0902102650000000
 0.0917069030000000
 0.0981326180000000
 0.0927151360000000
 0.0970298870000000
 0.0997532930000000
 0.1050467350000000
 0.0968211290000000
 0.1035020470000000
 0.1119019080000000
 0.1061554720000000
 0.1036748330000000
 0.1065739630000000
 0.0990161830000000
 0.1018286380000000
 0.1148394480000000
 0.0939548940000000
 0.0992796260000000
 0.0870017330000000
 0.0968284600000000
 0.1069768770000000
 0.1032139460000000
 0.0984526280000000
 0.0928478320000000
 0.0949888290000000
 0.0955164130000000
 0.0891249900000000
 0.0927355240000000
 0.0926707120000000
 0.0969671630000000
 0.0956061580000000
 0.1055584600000000
 0.1175316310000000
 0.1078014260000000
 0.1188789480000000
 0.0998163530000000
 0.0951702740000000
 0.0925065830000000
 0.0918989590000000
 0.0987121570000000
 0.0992051690000000
 0.1027008860000000
 0.1048031200000000
 0.0951723680000000
 0.0911268580000000
 0.0923352590000000
 0.0976599900000000
 0.0979226640000000
 0.0937849630000000
 0.1041697940000000
 0.1320065980000000
 0.1148562710000000
 0.1223243720000000
 0.0920910910000000
 0.1189624720000000
 0.1021518570000000
 0.1137815460000000
 0.0993882210000000
 0.0907608850000000
 0.0887645990000000
 0.0903164120000000
 0.1040711740000000
 0.1518461740000000
 0.1181841540000000
 0.1178871180000000
 0.1189058980000000
 0.1008472110000000
 0.1182525270000000
 0.1163165860000000
 0.0995172150000000
 0.0905237000000000
 0.0928050790000000
 0.0983171250000000
 0.1085358720000000
 0.1317952490000000
 0.1301159040000000
 0.0918593510000000
 0.0926281680000000
 0.1024538460000000
 0.0968676280000000
 0.1001268610000000
 0.1071060710000000
 0.0993896110000000
 0.0955303680000000
 0.0948786060000000
 0.1066870890000000
 0.1535286510000000
 0.1247142060000000
 0.0963033070000000
 0.0932628180000000
 0.1049302200000000
 0.1269453670000000
 0.1269015060000000
 0.0962301100000000
 0.1049601810000000
 0.0992849160000000
 0.1149031930000000
 0.1386002660000000
 0.0918131800000000
 0.0924041820000000
 0.0938071610000000
 0.1021760100000000
 0.0869191640000000
 0.1197018040000000
 0.1024821270000000
 0.0985032450000000
 0.1110904620000000
 0.1093338740000000
 0.0977588720000000
 0.0876425830000000
 0.0932526170000000
 0.0940650150000000
 0.1052051830000000
 0.0965514490000000
 0.1026951400000000
 0.1097935000000000
 0.1042240450000000
 0.1057949930000000
 0.0943169320000000
 0.0939231650000000
 0.1076264520000000
 0.1157502960000000
 0.1049281870000000
 0.1225537830000000
 0.0898935080000000
 0.0908049410000000
 0.0970830100000000
 0.0935298840000000
 0.0941632790000000
 0.1113332960000000
 0.0930730480000000
 0.0938042910000000
 0.0937688810000000
 0.0909864590000000
 0.0882316230000000
 0.0909615250000000
 0.0952714550000000
 0.0972841530000000
 0.1210189380000000
 0.1099937310000000
 0.1198965120000000
 0.0985251680000000
 0.0951848500000000
 0.0973338780000000
 0.0909226220000000
 0.0962122910000000
 0.0951824740000000
 0.0989433090000000
 0.0936736840000000
 0.0983567090000000
 0.0977241520000000
 0.0923552830000000
 0.0959752470000000
 0.0990118230000000
 0.0943623220000000
 0.0942338130000000
 0.0970618420000000
 0.0879644740000000
 0.0991253140000000
 0.1001142720000000
 0.1023193140000000
 0.0904133330000000
 0.0862770300000000
 0.0894531490000000
 0.1290775440000000
 0.1923983120000000
 0.1954722540000000
 0.1382904290000000
 0.0862241590000000
 0.0948116810000000
 0.0927500230000000
 0.0925999340000000
 0.0938501690000000
 0.0947664920000000
 0.1122940980000000
 0.1421839610000000
 0.0886089010000000
 0.1648478610000000
 0.1356162560000000
 0.0885498830000000
 0.0852974260000000
 0.0918864990000000
 0.0874498770000000
 0.0969015500000000
 0.0921905900000000
 0.0957405710000000
 0.0951958760000000
 0.0977617190000000
 0.0924795230000000
 0.0956060560000000
 0.0857059980000000
 0.0894469290000000
 0.0925242920000000
 0.0929740720000000
 0.0929782610000000
 0.0997503890000000
 0.0967192610000000
 0.0928781090000000
 0.0942942180000000
 0.0986685420000000
 0.1160154660000000
 0.1085211060000000
 0.0896306790000000
 0.0915308610000000
 0.0912301930000000
 0.0965084070000000
 0.0960237060000000
 0.0946126940000000
 0.0900474240000000
 0.1091445810000000
 0.1143516960000000
 0.1003136590000000
 0.1027368150000000
 0.0881755260000000
 0.0943036440000000
 0.0972453050000000
 0.0950318130000000
 0.0943214530000000
 0.1093217680000000
 0.0986974510000000
 0.0962577420000000
 0.0888575290000000
 0.0939767130000000
 0.1124693200000000
 0.0946043100000000
 0.0936585840000000
 0.0991750980000000
 0.0929303440000000
 0.0950466860000000
 0.0978078070000000
 0.0991666460000000
 0.0947193380000000
 0.0955502440000000
 0.0960785960000000
 0.1021812220000000
 0.0980570710000000
 0.1112081850000000
 0.1356258790000000
 0.1009213460000000
 0.0971348800000000
 0.0925713570000000
 0.0931225470000000
 0.0901613300000000
 0.0877760970000000
 0.0926484600000000
 0.0967692580000000
 0.1420667460000000
 0.1034847430000000
 0.1420800850000000
 0.1184115830000000
 0.1425853890000000
 0.1065895520000000
 0.1445023310000000
 0.1100724870000000
 0.1631063350000000
 0.1002786600000000
 0.1031929430000000
 0.1454456820000000
 0.0969567800000000
 0.0982274790000000
 0.1635990650000000
 0.1120951000000000
 0.1630615630000000
 0.1183824550000000
 0.1648859670000000
 0.1090933730000000
 0.1721415360000000
 0.1137054370000000
 0.1605639530000000
 0.0931111560000000
 0.0895803810000000
 0.0945345980000000
 0.0978087740000000
 0.0940941060000000
 0.1253694120000000
 0.0910626990000000
 0.0903596730000000
 0.0926928730000000
 0.0974451090000000
 0.0993192400000000
 0.0959759180000000
 0.1338771010000000
 0.2015628880000000
 0.0972716900000000
 0.1001053070000000
 0.0878765900000000
 0.0987478640000000
 0.1024118960000000
 0.0957656930000000
 0.1971605550000000
 0.1207956870000000
 0.2026695960000000
 0.1442842050000000
 0.1956294830000000
 0.0913070710000000
 0.0912328990000000
 0.0952571750000000
 0.0917738230000000
 0.0870014730000000
 0.0949274520000000
 0.0862763760000000
 0.0951616300000000
 0.0852544520000000
 0.1015049990000000
 0.0884002590000000
 0.0869764680000000
 0.0962316040000000
 0.1029331210000000
 0.0979578110000000
 0.0861253070000000
 0.1015087680000000
 0.0933969400000000
 0.0938740280000000
 0.0928057300000000
 0.0942450270000000
 0.2838800650000000
 0.2686820280000000
 0.2663846560000000
 0.2844293650000000
 0.2896895570000000
 0.2932292700000000
 0.0900365760000000
 0.0940218800000000
 0.0912457440000000
 0.0960403040000000
 0.1038491580000000
 0.0989312580000000
 0.0947934190000000
 0.0966401030000000
 0.1145118120000000
 0.0871181010000000
 0.0952424310000000
 0.1029710390000000
 0.0946047770000000
 0.0977303290000000
 0.2895201800000000
 0.3077764380000000
 0.3121129750000000
 0.3032650110000000
 0.3411471920000000
 0.3074034070000000
 0.3292410720000000
 0.3103439470000000
 0.0911425830000000
 0.1033962300000000
 0.0974237900000000
 0.0945029420000000
 0.0995114260000000
 0.0969478880000000
 0.3030105690000000
 0.3036068750000000
 0.3060318450000000
 0.3031526930000000
 0.0910544400000000
 0.0873440310000000
 0.0899416510000000
 0.0869765940000000
 0.0913407190000000
 0.0970056450000000
 0.0968858670000000
 0.1019225670000000
 0.0871841630000000
 0.0949133980000000
 0.0959843490000000
 0.1042720380000000
 0.1112810660000000
 0.0928122110000000
 0.0921705060000000
 0.0918751450000000
 0.0952739190000000
 0.0924976440000000
 0.0944207330000000
 0.0923266010000000
 0.0910672160000000
 0.0894232840000000
 0.0944800980000000
 0.0928502740000000
 0.0921617750000000
 0.0989163700000000
 0.1067301830000000
 0.0933119960000000
 0.0910058240000000
 0.0968217470000000
 0.0900160290000000
 0.0947042880000000
 0.0907879880000000
 0.0944191940000000
 0.0900549310000000
 0.0955062800000000
 0.0884518540000000
 0.0987172480000000
 0.0966824810000000
 0.0928474070000000
 0.0961577610000000
 0.0899491190000000
 0.0924574110000000
 0.0891631910000000
 0.0944301580000000
 0.0925282290000000
 0.0999834760000000
 0.0977161370000000
 0.0945016750000000
 0.0914655890000000
 0.1042091040000000
 0.0926702180000000
 0.0875644450000000
 0.0931341040000000
 0.0993381370000000
 0.1042583410000000
 0.0921890780000000
 0.0946815860000000
 0.0992794000000000
 0.1014699140000000
 0.0922217630000000
 0.0925739740000000
 0.1138814700000000
 0.0920934630000000
 0.0930552520000000
 0.0896861610000000
 0.0923481760000000
 0.0896205100000000
 0.0883690180000000
 0.0897842190000000
 0.0893673330000000
 0.0847853030000000
 0.0911586310000000
 0.0887960980000000
 0.0883466670000000
 0.0866511220000000
 0.0924551020000000
 0.0943849660000000
 0.0959714890000000
 0.0902817690000000
 0.0960930810000000
 0.0942725890000000
 0.0929388230000000
 0.1013451030000000
 0.0920045520000000
 0.0870998530000000
 0.0942431150000000
 0.0865849810000000
 0.0947514920000000
 0.0952164980000000
 0.0990017040000000
 0.0962734800000000
 0.0930630700000000
 0.1036770430000000
 0.0913585150000000
 0.0888794860000000
 0.1008021510000000
 0.1017510890000000
 0.0965902110000000
 0.1092806450000000
 0.0921728680000000
 0.0896204350000000
 0.0894739070000000
 0.0859633170000000
 0.0917478110000000
 0.0913208680000000
 0.0954760260000000
 0.0977757020000000
 0.0960846960000000
 0.0933880400000000
 0.0919903000000000
 0.0971526440000000
 0.0933038120000000
 0.0883421220000000
 0.0826577810000000
 0.0915382840000000
 0.0941904500000000
 0.0965178520000000
 0.0936685930000000
 0.0880898540000000
 0.0876909180000000
 0.0955914730000000
 0.0924182180000000
 0.0869883100000000
 0.0932602280000000
 0.0940005490000000
 0.0931750210000000
 0.0926301870000000
 0.0900959830000000
 0.0888365290000000
 0.0951747960000000
 0.0922725970000000
 0.0907777060000000
 0.0912458540000000
 0.0909690030000000
 0.0989849350000000
 0.0931541370000000
 0.0868496730000000
 0.0868751650000000
 0.0888798990000000
 0.0984137690000000
 0.0918274240000000
 0.0959077820000000
 0.0936509890000000
 0.0953715370000000
 0.0953510740000000
 0.1053519070000000
 0.0940263880000000
 0.0877838030000000
 0.0911979400000000
 0.0935865940000000
 0.0963008490000000
 0.0944554230000000
 0.0998563470000000
 0.0944335630000000
 0.0922779710000000
 0.0880566030000000
 0.1252943420000000
 0.0929904240000000
 0.0927513570000000
 0.0996585540000000
 0.0881640180000000
 0.0919321840000000
 0.0955416690000000
 0.1002538840000000
 0.0901830700000000
 0.0965885930000000
 0.0990272540000000
 0.1039848220000000
 0.0949628900000000
 0.0975896340000000
 0.0871452380000000
 0.0920332440000000
 0.0938813230000000
 0.0933676370000000
 0.1163838740000000
 0.0925939310000000
 0.0931525240000000
 0.0951998610000000
 0.0944950200000000
 0.1032521820000000
 0.0928508790000000
 0.0924909140000000
 0.0904085850000000
 0.0974155160000000
 0.0954757350000000
 0.0909958140000000
 0.0888143800000000
 0.0888731870000000
 0.0936108940000000
 0.0991706360000000
 0.0950886020000000
 0.0976907600000000
 0.1046085030000000
 0.0929318920000000
 0.0931141790000000
 0.0966375490000000
 0.1055452890000000
 0.0923825180000000
 0.0941328190000000
 0.0947741740000000
 0.0931551040000000
 0.1014777810000000
 0.0922422750000000
 0.1030040310000000
 0.0865980240000000
 0.0902048550000000
 0.0950333550000000
 0.1000436530000000
 0.0987248320000000
 0.0967295970000000
 0.0938839010000000
 0.0928415840000000
 0.0906533770000000
 0.0873744520000000
 0.0851476920000000
 0.0905386270000000
 0.0932996740000000
 0.0909510400000000
 0.0927783070000000
 0.0956768730000000
 0.0917692340000000
 0.0913247630000000
 0.0932792110000000
 0.0897540940000000
 0.0994629880000000
 0.0890321400000000
 0.0893138110000000
 0.0936787030000000
 0.0927414290000000
 0.0934077180000000
 0.0919878380000000
 0.0955701540000000
 0.0946333680000000
 0.0955969040000000
 0.1001529510000000
 0.0866033970000000
 0.0899381950000000
 0.0892444580000000
 0.1002324300000000
 0.0961409690000000
 0.0980279490000000
 0.0945342620000000
 0.0961836410000000
 0.0944041460000000
 0.0963547530000000
 0.0892168000000000
 0.0987281110000000
 0.1101667700000000
 0.0899189870000000
 0.0923304790000000
 0.0958388320000000
 0.0935212770000000
 0.0989262490000000
 0.0985267550000000
 0.0977587770000000
 0.0947629910000000
 0.0854814590000000
 0.0975945790000000
 0.0888816280000000
 0.0936846360000000
 0.0920345570000000
 0.0940833600000000
 0.0963510490000000
 0.0973627740000000
 0.0935752630000000
 0.0999779940000000
 0.0945839850000000
 0.0963214350000000
 0.1013955670000000
 0.0940790290000000
 0.0928257220000000
 0.0962594840000000
 0.1256785890000000
 0.0952745780000000
 0.1000858970000000
 0.0894866640000000
 0.0997278890000000
 0.0920601860000000
 0.0848366780000000
 0.0902620450000000
 0.0907363390000000
 0.0911771790000000
 0.0956280450000000
 0.0966042220000000
 0.0933829170000000
 0.0991408680000000
 0.1096879990000000
 0.0937474880000000
 0.0997894870000000
 0.0928512120000000
 0.1028327650000000
 0.1004063970000000
 0.1075530100000000
 0.1016637550000000
 0.1029251640000000
 0.1054808780000000
 0.1004598250000000
 0.1145421990000000
 0.0999774290000000
 0.0993339780000000
 0.1005163970000000
 0.1041506740000000
 0.1044819330000000
 0.1074599780000000
 0.1002537210000000
 0.0953912780000000
 0.0916795460000000
 0.0932353380000000
 0.1091702600000000
 0.0927162050000000
 0.1047835770000000
 0.0996342240000000
 0.0921845700000000
 0.1065020990000000
 0.0910967860000000
 0.1490936080000000
 0.0886155230000000
 0.1451985410000000
 0.1496702190000000
 0.1456995840000000
 0.0910395850000000
 0.1422477320000000
 0.0923651780000000
 0.1462207420000000
 0.0922961040000000
 0.1451506270000000
 0.0975157870000000
 0.0904795230000000
 0.0918184570000000
 0.0981434530000000
 0.0910543900000000
 0.0957802930000000
 0.0895947700000000
 0.0897003000000000
 0.0912958320000000
 0.0927139650000000
 0.0936735890000000
 0.0949030800000000
 0.0959326850000000
 0.0977195140000000
 0.0902572870000000
 0.0930814700000000
 0.0951469670000000
 0.1006211510000000
 0.0948752820000000
 0.0882790920000000
 0.0946631740000000
 0.1022418260000000
 0.0920078660000000
 0.0913786610000000
 0.0902068580000000
 0.0948726970000000
 0.0893719730000000
 0.0924070100000000
 0.0973997060000000
 0.0930973940000000
 0.0897624570000000
 0.0949875170000000
 0.0875498740000000
 0.0861351620000000
 0.1190934850000000
 0.0946579330000000
 0.0933525930000000
 0.0966575680000000
 0.0908195780000000
 0.0917129220000000
 0.0927696940000000
 0.0949245180000000
 0.0944105530000000
 0.0925703660000000
 0.0952171540000000
 0.0946193100000000
 0.0901325450000000
 0.0971167050000000
 0.0932441270000000
 0.1099034440000000
 0.0977069350000000
 0.1014044890000000
 0.0929811040000000
 0.0912171840000000
 0.1011578090000000
 0.0955115340000000
 0.1009483530000000
 0.0961688130000000
 0.0905455160000000
 0.0930792290000000
 0.0929996110000000
 0.0943042520000000
 0.6830602180000001
 0.1041987800000000
 0.0918286450000000
 0.0989219680000000
 0.0980943430000000
 0.1010297860000000
 0.0957792340000000
 0.0940642040000000
 0.0878983770000000
 0.0899615680000000
 0.0899427810000000
 0.0872628190000000
 0.0929260640000000
 0.1017879850000000
 0.1049006860000000
 0.0957292960000000
 0.0974178560000000
 0.0942238600000000
 0.1038417470000000
 0.0856327850000000
 0.0931941160000000
 0.0910090500000000
 0.0928715860000000
 0.1018765430000000
 0.1002144520000000
 0.1014004330000000
 0.0981595730000000
 0.1325995130000000
 0.1019058760000000
 0.0957200750000000
 0.1080917450000000
 0.1017257540000000
 0.1073619710000000
 0.1084426300000000
 0.1045335960000000
 0.1255476050000000
 0.1082643940000000
 0.1040491030000000
 0.1131337490000000
 0.0924723690000000
 0.0925639310000000
 0.1073560330000000
 0.0881588820000000
 0.1060827510000000
 0.0969293810000000
 0.0902141800000000
 0.1111454270000000
 0.0941992710000000
 0.1659691240000000
 0.1015755920000000
 0.1651609870000000
 0.1633750670000000
 0.1662847360000000
 0.1023724130000000
 0.1583241910000000
 0.0909565250000000
 0.1657852990000000
 0.0955199050000000
 0.1646388480000000
 0.0921723260000000
 0.0959477530000000
 0.1094756510000000
 0.0937026260000000
 0.0877735630000000
 0.0908237550000000
 0.0879209990000000
 0.0948719130000000
 0.0897328990000000
 0.1223651950000000
 0.0954532040000000
 0.0927357370000000
 0.0975916840000000
 0.0958895740000000
 0.0955657890000000
 0.0918809460000000
 0.0900848990000000
 0.0917235920000000
 0.0946454850000000
 0.0985781950000000
 0.0951052520000000
 0.0914031580000000
 0.0920741970000000
 0.0836758850000000
 0.0908031490000000
 0.0972410770000000
 0.1013321170000000
 0.0967496020000000
 0.0928369360000000
 0.0905031090000000
 0.0895700250000000
 0.0938230290000000
 0.0975207920000000
 0.0901202370000000
 0.0951175420000000
 0.0871500130000000
 0.0971810820000000
 0.0934585950000000
 0.0935013380000000
 0.0938119230000000
 0.0887548330000000
 0.0938855360000000
 0.0913516130000000
 0.0911024870000000
 0.0977382070000000
 0.0908885630000000
 0.0951497370000000
 0.0909613370000000
 0.1138399760000000
 0.0950805250000000
 0.0935938750000000
 0.0938589240000000
 0.0907942760000000
 0.0956336690000000
 0.0955944880000000
 0.0894529670000000
 0.1013356060000000
 0.0911859470000000
 0.0907382610000000
 0.4220240830000000
 0.0955395910000000
 0.1021505170000000
 0.0875070400000000
 0.0917540370000000
 0.0900874760000000
 0.0952521220000000
 0.0954040270000000
 0.0886219210000000
 0.0917772940000000
 0.1003958150000000
 0.1235466250000000
 0.0889764370000000
 0.0960116490000000
 0.0908655810000000
 0.0900013610000000
 0.0892648820000000
 0.0871696340000000
 0.0917209300000000
 0.0962498780000000
 0.0896455180000000
 0.0885226750000000
 0.0991476740000000
 0.0943736520000000
 0.0995728700000000
 0.0913144520000000
 0.0915141280000000
 0.0858044390000000
 0.0976027790000000
 0.0890555640000000
 0.0975602440000000
 0.0925976500000000
 0.0963582700000000
 0.0905455640000000
 0.0909760670000000
 0.0905944530000000
 0.0952814520000000
 0.0905976660000000
 0.0931064460000000
 0.0966778640000000
 0.0923137420000000
 0.0981293120000000
 0.0908607580000000
 0.0962951320000000
 0.1049012920000000
 0.0972926090000000
 0.1011605060000000
 0.0928879800000000
 0.0884050570000000
 0.0865442680000000
 0.1020406490000000
 0.0953996220000000
 0.1068519650000000
 0.0938429230000000
 0.0952706950000000
 0.0960113650000000
 0.0896281220000000
 0.0916800680000000
 0.0990301950000000
 0.0929898770000000
 0.0969838380000000
 0.0910892780000000
 0.0953656080000000
 0.0891617200000000
 0.0950226860000000
 0.0943344660000000
 0.0907202330000000
 0.0946019600000000
 0.0921120370000000
 0.0959263650000000
 0.0933337760000000
 0.1045941240000000
 0.0908930920000000
 0.0962414190000000
 0.0935515410000000
 0.0923588560000000
 0.0939046600000000
 0.0877379270000000
 0.0919240920000000
 0.0881161890000000
 0.0912436960000000
 0.1034997750000000
 0.0929417530000000
 0.0967750080000000
 0.0971627680000000
 0.1013147100000000
 0.0951287020000000
 0.0951339400000000
 0.0979793560000000
 0.0926794970000000
 0.0904890550000000
 0.0993754180000000
 0.0981795910000000
 0.0965570310000000
 0.0872065700000000
 0.0877750810000000
 0.0907802240000000
 0.0865983210000000
 0.0884767090000000
 0.0871373570000000
 0.0875871360000000
 0.0996926380000000
 0.0933340510000000
 0.1021476390000000
 0.1315121120000000
 0.0912242070000000
 0.0877961020000000
 0.0931411470000000
 0.0888695660000000
 0.0937313780000000
 0.0959339720000000
 0.0977246410000000
 0.1054975190000000
 0.0963429650000000
 0.0993868000000000
 0.1000191450000000
 0.1027582620000000
 0.1347421420000000
 0.1160229930000000
 0.1247179210000000
 0.0973236790000000
 0.0992118460000000
 0.0997904830000000
 0.0947624480000000
 0.1014520130000000
 0.1119005230000000
 0.1029573090000000
 0.1162775650000000
 0.0903430130000000
 0.1085733400000000
 0.1006116800000000
 0.0900841080000000
 0.1013627550000000
 0.0901846800000000
 0.1001022540000000
 0.0985090980000000
 0.0968620940000000
 0.0913129710000000
 0.1023763660000000
 0.0885011490000000
 0.1032426800000000
 0.0881391590000000
 0.0977822560000000
 0.0928626850000000
 0.0953741880000000
 0.1079422490000000
 0.1154090120000000
 0.1088396430000000
 0.1063881340000000
 0.1089942710000000
 0.1673265830000000
 0.1892194720000000
 0.1713719470000000
 0.1624394180000000
 0.1832673610000000
 0.1046836490000000
 0.1618474390000000
 0.0951298100000000
 0.1027857040000000
 0.1280937050000000
 0.1086182420000000
 0.1766597880000000
 0.1845722090000000
 0.1722277110000000
 0.1620892990000000
 0.1763023380000000
 0.3278403890000000
 0.3459006510000000
 0.3275563410000000
 0.3162032430000000
 0.3346843000000000
 0.0886071630000000
 0.1026432230000000
 0.0940775720000000
 0.0960886610000000
 0.0994569100000000
 0.0948759310000000
 0.0989653650000000
 0.1021178040000000
 0.1063162610000000
 0.1034477270000000
 0.1117551020000000
 0.1290653350000000
 0.1306818880000000
 0.0899037700000000
 0.0894715200000000
 0.0982620600000000
 0.0912466830000000
 0.0873166970000000
 0.0936470670000000
 0.0940471900000000
 0.0846244440000000
 0.0938248140000000
 0.0983489410000000
 0.0888758410000000
 0.0983957360000000
 0.1002781050000000
 0.0965989910000000
 0.0969187940000000
 0.0888010390000000
 0.0931551030000000
 0.1072445910000000
 0.0978712250000000
 0.0915962380000000
 0.0985483390000000
 0.0921886340000000
 0.1077241920000000
 0.0905556690000000
 0.0984337270000000
 0.0913190360000000
 0.0968333080000000
 0.0914603260000000
 0.0970340320000000
 0.0973108140000000
 0.0949933300000000
 0.1112654380000000
 0.1012141190000000
 0.1136764380000000
 0.1912908130000000
 0.1720777470000000
 0.0910884880000000
 0.1022894680000000
 0.1008938940000000
 0.0973478990000000
 0.1051918040000000
 0.1036951700000000
 0.0972841330000000
 0.0972170150000000
 0.1919398470000000
 0.1165674580000000
 0.1082334030000000
 0.1177491080000000
 0.1814928750000000
 0.1767050960000000
 0.1839872650000000
 0.1027321220000000
 0.0919868580000000
 0.1044042690000000
 0.0901811740000000
 0.0989687790000000
 0.1955920690000000
 0.1912780940000000
 0.2062312430000000
 0.3773457970000000
 0.3413715930000000
 0.3645025580000000
 0.0885497430000000
 0.0904150010000000
 0.0914920980000000
 0.0932780170000000
 0.0913272710000000
 0.0931722060000000
 0.0904381180000000
 0.0931812850000000
 0.1044731990000000
 0.0973936400000000
 0.0866621340000000
 0.0889219980000000
 0.0957820450000000
 0.0884977790000000
 0.0979104660000000
 0.0985666280000000
 0.0859420670000000
 0.0992493990000000
 0.0977981610000000
 0.0923099420000000
 0.1009341860000000
 0.0953655080000000
 0.0941128300000000
 0.0902323630000000
 0.0944577080000000
 0.1005473330000000
 0.2211467370000000
 0.0965593100000000
 0.0945855870000000
 0.0994850420000000
 0.0976137770000000
 0.0913964810000000
 0.0935059760000000
 0.0931782090000000
 0.1032962960000000
 0.1109575660000000
 0.1112015910000000
 0.1228578680000000
 0.7167686290000000
 0.1538082240000000
 0.0874832570000000
 0.0922593020000000
 0.0949384240000000
 0.0886085440000000
 0.0945614190000000
 0.0960804040000000
 0.0953219240000000
 0.0952799500000000
 0.1039654440000000
 0.0966797830000000
 0.0905124940000000
 0.4718934960000000
 0.6201209530000000
 0.0942520900000000
 0.0942230350000000
 0.1272667520000000
 0.1097022990000000
 0.1381978620000000
 0.0950934700000000
 0.0921013880000000
 0.0942439170000000
 0.0932598490000000
 0.0899240780000000
 0.0955961190000000
 0.0942431490000000
 0.0999814690000000
 0.0993978040000000
 0.0952412530000000
 0.1018552490000000
 0.0975779420000000
 0.0981861930000000
 0.0934088210000000
 0.0990435680000000
 0.0947575300000000
 0.0932805210000000
 0.1000402050000000
 0.0869549710000000
 0.0910559270000000
 0.0900475550000000
 0.0913621130000000
 0.0937484590000000
 0.0954029360000000
 0.1053719780000000
 0.0880428220000000
 0.0928360480000000
 0.0906106870000000
 0.0987251580000000
 0.0946348870000000
 0.0924404660000000
 0.0926808600000000
 0.0856031170000000
 0.0900113060000000
 0.0904466280000000
 0.0895256980000000
 0.1042458520000000
 0.0986098480000000
 0.1009652550000000
 0.0959682320000000
 0.0913011390000000
 0.0988227250000000
 0.0911742370000000
 0.0918457630000000
 0.0934841060000000
 0.0908998990000000
 0.0926063370000000
 0.0984371300000000
 0.0959567770000000
 0.0900926000000000
 0.0973003180000000
 0.0951593950000000
 0.0824723970000000
 0.0979140850000000
 0.0896243810000000
 0.0977064470000000
 0.0872705120000000
 0.1000250460000000
 0.0948534880000000
 0.1007166860000000
 0.0944207490000000
 0.0946952260000000
 0.1042155380000000
 0.0921890320000000
 0.0950259960000000
 0.0914418670000000
 0.0946387250000000
 0.0973397070000000
 0.0899300060000000
 0.1000601050000000
 0.0979153410000000
 0.0952625480000000
 0.0957503220000000
 0.0927658520000000
 0.0947782680000000
 0.0891331150000000
 0.0937988090000000
 0.0925309750000000
 0.0953800920000000
 0.0960102010000000
 0.1131603530000000
 0.0948701780000000
 0.0920900650000000
 0.0907910120000000
 0.0923324850000000
 0.0943357490000000
 0.0952145660000000
 0.0937085020000000
 0.0918889210000000
 0.0968779820000000
 0.0930480800000000
 0.0948454530000000
 0.0956630880000000
 0.0961883660000000
 0.0877908970000000
 0.0960881420000000
 0.0903060310000000
 0.1001277080000000
 0.0937529910000000
 0.0980967850000000
 0.0957987200000000
 0.0944091520000000
 0.0893104390000000
 0.0933366640000000
 0.1000931360000000
 0.0953852560000000
 0.0921299420000000
 0.0974617150000000
 0.0964704540000000
 0.0930788790000000
 0.0929382870000000
 0.0948750630000000
 0.0813361390000000
 0.0925775560000000
 0.0960435820000000
 0.0965432290000000
 0.1011105170000000
 0.1248776650000000
 0.0924311680000000
 0.0891206070000000
 0.0912185770000000
 0.0919297050000000
 0.0990392250000000
 0.1106869090000000
 0.0926334980000000
 0.0940971670000000
 0.0995543760000000
 0.0889830200000000
 0.0994838350000000
 0.0949832460000000
 0.0938623590000000
 0.0982757160000000
 0.1034847780000000
 0.1205001340000000
 0.1053861450000000
 0.0880213010000000
 0.1152237440000000
 0.0967097970000000
 0.0987954060000000
 0.1097593410000000
 0.0971067070000000
 0.1005672160000000
 0.0927658460000000
 0.1183731790000000
 0.0947147030000000
 0.0873661860000000
 0.0900524310000000
 0.1030204700000000
 0.0981574030000000
 0.0900336430000000
 0.0971278680000000
 0.0976388990000000
 0.0889621350000000
 0.1024268160000000
 0.0894300020000000
 0.0945451970000000
 0.1001802230000000
 0.0975592790000000
 0.0980793190000000
 0.1269139590000000
 0.0937394350000000
 0.0900852550000000
 0.1030592990000000
 0.0957924260000000
 0.1187394240000000
 0.0975647250000000
 0.1122551960000000
 0.1006828010000000
 0.0932376230000000
 0.1021542910000000
 0.0903537950000000
 0.0904271980000000
 0.0941078480000000
 0.0961847950000000
 0.0899480850000000
 0.0938791170000000
 0.1865591240000000
 0.0888820930000000
 0.0991650720000000
 0.1168562150000000
 0.0923820620000000
 0.1041507810000000
 0.0911347620000000
 0.1252408320000000
 0.0951244600000000
 0.0958152620000000
 0.0924845880000000
 0.0997643820000000
 0.0947991370000000
 0.0911582280000000
 0.0970679400000000
 0.0962209020000000
 0.0994336120000000
 0.1083856910000000
 0.0934407880000000
 0.1074062330000000
 0.0924027340000000
 0.0952399070000000
 0.0886699820000000
 0.1046905850000000
 0.0873040220000000
 0.0989220920000000
 0.0900589210000000
 0.0963649830000000
 0.0992001310000000
 0.0976022260000000
 0.0925410190000000
 0.1057369500000000
 0.0950034920000000
 0.0925335460000000
 0.0980752630000000
 0.0922532020000000
 0.0954043120000000
 0.1056441290000000
 0.1044509560000000
 0.1066705210000000
 0.0908384910000000
 0.0979656800000000
 0.1048892120000000
 0.1153004190000000
 0.1098674460000000
 0.0933267340000000
 0.1118445900000000
 0.0983369570000000
 0.1032398330000000
 0.0908162110000000
 0.0873200140000000
 0.0834158710000000
 0.0888123870000000
 0.0825765150000000
 0.0892164900000000
 0.1041257720000000
 0.0922871430000000
 0.0912466430000000
 0.0926040840000000
 0.0938787610000000
 0.0919800480000000
 0.0886294010000000
 0.0897745220000000
 0.0882999580000000
 0.0907985390000000
 0.0914643390000000
 0.0971481830000000
 0.0974262920000000
 0.0972405830000000
 0.0944361650000000
 0.0919352800000000
 0.0933046620000000
 0.1167928610000000
 0.1005844550000000
 0.0936035140000000
 0.1084183710000000
 0.1204265750000000
 0.0877783800000000
 0.1137141050000000
 0.1149016900000000
 0.0870878560000000
 0.1100195570000000
 0.1076492750000000
 0.0988580420000000
 0.1116482610000000
 0.1143366020000000
 0.0887707570000000
 0.1107496800000000
 0.1072946180000000
 0.1088282000000000
 0.1001425660000000
 0.1019699000000000
 0.1194015790000000
 0.1035288320000000
 0.0888250240000000
 0.1098044430000000
 0.0988097100000000
 0.1107639960000000
 0.1098307740000000
 0.0862151150000000
 0.1099998590000000
 0.1062179400000000
 0.0978961110000000
 0.1190445470000000
 0.1144491130000000
 0.0882650340000000
 0.1091231380000000
 0.1111739650000000
 0.0981549440000000
 0.1017427730000000
 0.1132882070000000
 0.0844451890000000
 0.1128070680000000
 0.1361106740000000
 0.1460160890000000
 0.0858197410000000
 0.1004808750000000
 0.1065803460000000
 0.0930576970000000
 0.1121298840000000
 0.1329012450000000
 0.1003344870000000
 0.0896147190000000
 0.0902115150000000
 0.0890265140000000
 0.0919845120000000
 0.0897904400000000
 0.0911415250000000
 0.0879800070000000
 0.0872974470000000
 0.0870769570000000
 0.1139289310000000
 0.1021844490000000
 0.0917600410000000
 0.0851389930000000
 0.0904751660000000
 0.0924500750000000
 0.0953070820000000
 0.0898095060000000
 0.0893839620000000
 0.0888516290000000
 0.0897784270000000
 0.0923951790000000
 0.1029685580000000
 0.0866089470000000
 0.0920755840000000
 0.0922763780000000
 0.0934399380000000
 0.0853654190000000
 0.0965363620000000
 0.0963499550000000
 0.0953262870000000
 0.0898143240000000
 0.0920777480000000
 0.0970702300000000
 0.1019928710000000
 0.0944673060000000
 0.0908281440000000
 0.0971335760000000
 0.0920125850000000
 0.0860814330000000
 0.0889027510000000
 0.0877377940000000
 0.0917004630000000
 0.0915069320000000
 0.0915266970000000
 0.0871534300000000
 0.1139199180000000
 0.0950527160000000
 0.0928462830000000
 0.0895684800000000
 0.0882572050000000
 0.0901795940000000
 0.0915791480000000
 0.0947999600000000
 0.0901017200000000
 0.0954068130000000
 0.1013078630000000
 0.0947273940000000
 0.0880681440000000
 0.1016043400000000
 0.0874494170000000
 0.0896179960000000
 0.1116632660000000
 0.2332130900000000
 0.0963374490000000
 0.1088907660000000
 0.5221356900000000
 0.1100793290000000
 0.1013800070000000
 0.0869119160000000
 0.0910471630000000
 0.0928318930000000
 0.0889175550000000
 0.0961453150000000
 0.0909817910000000
 0.0898031450000000
 0.0940103290000000
 0.0953979400000000
 0.0911063180000000
 0.0913263880000000
 0.0879893600000000
 0.1040358000000000
 0.1010378530000000
 0.0838399350000000
 0.0961979040000000
 0.0944221140000000
 0.1039648410000000
 0.0934705920000000
 0.0897027820000000
 0.0899206170000000
 0.0921627400000000
 0.0962409960000000
 0.0911870530000000
 0.1164469180000000
 0.0891836490000000
 0.0879924310000000
 0.0896073770000000
 0.1197627830000000
 0.0913622150000000
 0.1507478370000000
 0.1050862150000000
 0.0941690760000000
 0.1612707890000000
 0.1505823110000000
 0.1562514170000000
 0.0967029260000000
 0.0916753140000000
 0.0980790140000000
 0.2363768980000000
 4.3046838960000002
 0.1044966070000000
 0.1008161690000000
 0.2432719240000000
 4.6750173390000000
 0.0934459290000000
 0.0981934770000000
 0.0970889320000000
 0.0993435560000000
 0.0921482030000000
 0.0908645860000000
 0.0866062780000000
 0.0907918810000000
 0.0973497900000000
 0.1303980280000000
 0.1019297180000000
 0.0978771630000000
 0.0950486510000000
 0.0904560820000000
 0.0929786880000000
 0.0902742140000000
 0.1280161520000000
 0.1033627940000000
 0.0977860890000000
 0.0997287300000000
 0.1052842740000000
 0.1238967590000000
 0.1252028650000000
 0.1310559340000000
 0.1054682370000000
 0.1021006880000000
 0.1028363280000000
 0.1526322820000000
 0.1296750260000000
 0.1279008420000000
 0.1796286140000000
 0.2761844420000000
 0.1296967460000000
 0.1262728360000000
 0.1250663230000000
 0.2789797770000000
 0.1412678790000000
 0.1319313940000000
 0.0940961490000000
 0.1302556870000000
 0.1166352640000000
 0.1220102670000000
 0.1170343390000000
 0.0920135450000000
 0.1845346930000000
 0.0945999730000000
 0.0948714140000000
 0.1264936350000000
 0.1449954260000000
 0.0964895190000000
 0.0957806820000000
 0.1006726200000000
 0.1038884670000000
 0.1020266640000000
 0.1001328040000000
 0.0983236630000000
 0.1083271230000000
 0.1069433930000000
 0.0994387720000000
 0.1095063480000000
 0.1052420190000000
 0.1045914330000000
 0.1082479880000000
 0.1037767150000000
 0.1038655550000000
 0.1053636830000000
 0.1006783410000000
 0.1094971250000000
 0.1062629800000000
 0.1020644430000000
 0.1117128920000000
 0.1091092880000000
 0.1095819830000000
 0.1025135990000000
 0.1052452950000000
 0.1271350390000000
 0.1053382560000000
 0.1040437180000000
 0.1358952950000000
 0.1019235670000000
 0.1330681200000000
 0.1292811680000000
 0.1189470730000000
 0.1140559740000000
 0.1056377390000000
 0.1053393700000000
 0.1045368750000000
 0.1110344280000000
 0.1273954060000000
 0.1246241800000000
 0.1111757200000000
 0.1110805930000000
 0.1066523440000000
 0.1041311550000000
 0.1048684860000000
 0.0988217640000000
 0.1239804330000000
 0.1224390000000000
 0.1160194600000000
 0.1122092510000000
 0.1065373090000000
 0.1048052060000000
 0.1065375160000000
 0.1088492450000000
 0.1016184110000000
 0.0986896190000000
 0.1036423180000000
 0.1045664100000000
 0.1037214500000000
 0.0980583080000000
 0.1133605350000000
 0.1021110090000000
 0.1064844320000000
 0.1046333160000000
 0.1038319390000000
 0.0964426990000000
 0.1932640180000000
 0.2096532760000000
 0.0926018970000000
 0.0910712890000000
 0.1033733470000000
 0.0923689010000000
 0.0986423990000000
 0.0940817270000000
 0.1001799890000000
 0.0965779800000000
 0.1092752070000000
 0.0934566310000000
 0.0906089960000000
 0.0948292530000000
 0.1405149540000000
 0.1323283900000000
 0.1449519300000000
 0.1012309100000000
 0.0930512600000000
 0.1012579390000000
 0.1104832060000000
 0.0943895890000000
 0.0964292810000000
 0.0975073060000000
 0.0962876370000000
 0.0929176480000000
 0.0931522500000000
 0.0944764710000000
 0.1036834400000000
 0.1010695700000000
 0.0960243290000000
 0.0951868430000000
 0.1058551320000000
 0.0968384150000000
 1.1819008849999999
 1.4422842450000000
 0.0949648030000000
 0.0955178870000000
 0.0955413540000000
 0.0919000960000000
 0.0954130530000000
 0.0941465220000000
 0.0927111810000000
 0.0997275960000000
 0.0905665150000000
 0.0995501930000000
 0.1101412360000000
 0.0927889130000000
 0.0942028830000000
 0.0913653060000000
 0.1003057530000000
 0.0909768400000000
 0.0949606780000000
 0.0929070870000000
 0.0959159860000000
 0.0926728320000000
 0.0913496580000000
 0.0875523020000000
 0.0959235980000000
 0.0994509430000000
 0.0954409850000000
 0.0904593020000000
 0.0982900140000000
 0.0954411210000000
 0.0966388560000000
 0.0963254020000000
 0.1263648200000000
 0.0926210050000000
 0.0952747560000000
 0.0882936110000000
 0.0940270130000000
 0.0987277830000000
 0.0969586630000000
 0.0926328760000000
 0.1045383610000000
 0.0966237680000000
 0.0945852640000000
 0.0988525930000000
 0.0905337480000000
 0.0989575650000000
 0.0944128880000000
 0.0956090870000000
 0.0964578180000000
 0.0998950650000000
 0.0953353030000000
 0.1014613610000000
 0.0947414990000000
 0.0938234140000000
 0.0937413470000000
 0.1024012330000000
 0.1382024760000000
 0.1052543840000000
 0.1508619140000000
 0.1037603050000000
 0.1036699290000000
 0.0990380170000000
 0.1015420230000000
 0.1222551110000000
 0.1075562620000000
 0.0991607300000000
 0.0934959860000000
 0.1010737960000000
 0.0948617630000000
 0.0937245090000000
 0.1006883310000000
 0.0943208970000000
 0.1077690700000000
 0.0932290440000000
 0.1038207840000000
 0.0916846780000000
 0.1073934550000000
 0.0975505680000000
 0.0972080580000000
 0.1024573770000000
 0.1163746850000000
 0.0985236880000000
 0.0958343890000000
 0.0943350030000000
 0.1002252000000000
 0.1039511750000000
 0.0916460490000000
 0.0988133240000000
 0.0973522810000000
 0.0954261550000000
 0.0957733440000000
 0.0983224680000000
 0.1054816400000000
 0.0910933140000000
 0.0990157250000000
 0.0909297380000000
 0.0950488610000000
 0.0924731260000000
 0.1074690160000000
 0.0917138650000000
 0.0969387380000000
 0.0975972170000000
 0.0941270730000000
 0.0988564800000000
 0.1027229110000000
 0.0963681900000000
 0.1035705930000000
 0.0991280990000000
 0.0987063880000000
 0.0953820780000000
 0.1010889360000000
 0.0967513450000000
 0.1324578720000000
 0.1044702370000000
 0.0946499120000000
 0.0945498980000000
 0.1031647340000000
 0.1084955590000000
 0.0990585310000000
 0.1299195000000000
 0.1070372370000000
 0.1419418290000000
 0.1032085230000000
 0.1015456340000000
 0.0958383560000000
 0.1472658790000000
 0.0976023740000000
 0.0983015010000000
 0.0946766570000000
 0.0920138980000000
 0.1049800830000000
 0.0998947550000000
 0.0979521470000000
 0.1089930440000000
 0.1243164910000000
 0.1093287050000000
 0.1187149550000000
 0.1052611980000000
 0.1164452720000000
 0.1385990730000000
 0.1082216960000000
 0.0995785710000000
 0.0956711440000000
 0.0951791010000000
 0.1036424470000000
 0.1065588050000000
 0.0981316370000000
 0.1128350920000000
 0.1003936370000000
 0.1132570790000000
 0.0974533900000000
 0.1008156950000000
 0.1147288770000000
 0.1002851680000000
 0.1022771560000000
 0.1072934780000000
 0.0964494690000000
 0.0944162020000000
 0.0975931430000000
 0.0986035600000000
 0.1006662980000000
 0.1054035980000000
 0.1086186030000000
 0.1042637630000000
 0.0949782970000000
 0.1023921820000000
 0.1070673210000000
 0.1050534720000000
 0.1169481270000000
 0.1009949750000000
 0.1070404320000000
 0.0934953210000000
 0.1031363570000000
 0.1008045110000000
 0.0969223670000000
 0.0980043720000000
 0.1038436530000000
 0.1084581680000000
 0.1000072550000000
 0.1184605700000000
 0.1103875060000000
 0.1042628460000000
 0.0960506560000000
 0.0941746070000000
 0.1068355060000000
 0.1097646450000000
 0.1034725740000000
 0.1037684290000000
 0.0976267970000000
 0.1027469740000000
 0.0970960610000000
 0.1119753070000000
 0.0927723000000000
 0.1013697430000000
 0.1117219870000000
 0.1073132280000000
 0.1135125450000000
 0.1096470240000000
 0.2181471580000000
 0.1321137150000000
 0.0931091500000000
 0.1191915350000000
 0.1253844980000000
 0.1228102980000000
 0.1067597180000000
 0.2140626720000000
 0.1185237640000000
 0.2825578810000000
 0.1159842060000000
 0.1320583220000000
 0.1115761460000000
 0.2790590260000000
 0.1192554330000000
 0.1350823070000000
 0.1151259730000000
 0.1093148410000000
 0.1281195320000000
 2.3153619569999999
 0.1334953960000000
 0.1260017490000000
 0.1387867540000000
 0.1200206880000000
 0.1405905850000000
 0.1226011010000000
 0.1134010560000000
 0.1310777830000000
 2.3105790229999998
 0.1289884940000000
 0.2220985990000000
 0.1361406080000000
 0.1197325750000000
 0.1360417770000000
 0.1287528410000000
 0.1343765840000000
 0.1187264170000000
 0.1359891150000000
 0.1086566210000000
 0.1129606810000000
 0.1330214200000000
 0.1447619260000000
 0.1994452110000000
 1.1593487849999999
 0.1972514420000000
 0.8210096080000000
 0.1370648910000000
 0.1133247620000000
 0.1567708940000000
 0.1919938760000000
 0.1973524950000000
 0.1964750600000000
 0.2051632890000000
 0.2047563850000000
 0.2083798990000000
 0.2702243690000000
 0.1542916760000000
 0.2651497930000000
 0.2663224540000000
 0.2708534330000000
 0.1546232150000000
 0.8563165109999999
 0.2748696600000000
 0.2833102310000000
 0.0931275410000000
 0.0941596080000000
 0.0915354730000000
 0.0943304400000000
 0.1101551410000000
 0.0901154980000000
 0.1063116920000000
 0.1068946000000000
 0.1068141400000000
 0.0888416350000000
 0.1117303740000000
 0.1049999710000000
 0.1161377310000000
 0.1163145720000000
 0.1133665080000000
 0.1170100670000000
 0.0928570340000000
 0.0904812620000000
 0.0897486090000000
 0.0940676170000000
 0.1074810640000000
 0.0903645530000000
 0.1065710120000000
 0.1099913530000000
 0.1057284280000000
 0.0979754610000000
 0.1114498780000000
 0.1088403410000000
 0.1145207250000000
 0.1123196990000000
 0.1142774620000000
 0.1169505550000000
 0.1171174790000000
 0.1281001150000000
 0.1209865570000000
 0.1169538350000000
 0.2638825850000000
 0.2640468550000000
 0.1324353930000000
 0.2657343890000000
 0.3526509360000000
 0.3529845710000000
 0.1143229210000000
 0.0926208140000000
 0.0914453600000000
 0.0971300030000000
 0.1036887990000000
 52.1087319920000027
 0.1010879960000000
 0.0994081370000000
 0.0973384190000000
 0.0986743690000000
 0.0963881400000000
 0.0926544890000000
 0.0935166270000000
 0.0992336010000000
 0.0945702050000000
 0.0958208760000000
 0.0913542960000000
 0.1041071500000000
 0.0900749870000000
 0.0912251570000000
 0.0981326680000000
 0.0976316860000000
 0.1002817970000000
 0.0967344870000000
 0.1095551560000000
 0.1093309600000000
 0.1006188550000000
 0.1110018770000000
 0.1297878810000000
 0.1794681660000000
 0.1770241600000000
 0.2203129270000000
 0.2221417580000000
 0.1749165850000000
 0.7513612180000000
 0.7749704730000000
 0.3549379520000000
 0.1789760410000000
 0.1807894330000000
 0.1191854010000000
 0.1739426850000000
 0.7654181940000000
 0.7544827039999999
 0.7503822959999999
 0.3464528030000000
 0.1734465100000000
 0.1805400810000000
 0.1202617380000000
 0.1759175420000000
 0.7509334570000000
 0.0986623330000000
 0.0998015350000000
 0.1007151460000000
 0.0990821540000000
 0.0957163660000000
 0.0939415250000000
 0.1003488210000000
 0.0952134300000000
 0.0960165500000000
 0.0996193130000000
 0.1013829090000000
 0.1049901430000000
 0.0988476200000000
 0.8623409090000000
 0.8589474459999999
 0.3934769830000000
 0.8526972670000000
 2.4048145270000001
 6.0900783199999999
 6.0876777850000003
 3.9509132800000000
 3.9427223960000002
 6.1210442049999996
 0.0954451640000000
 0.0958339070000000
 0.0928220150000000
 0.0977910370000000
 0.0956995980000000
 0.1006635210000000
 0.0954923750000000
 0.0963070890000000
 0.1048792220000000
 0.0945534810000000
 0.0954621340000000
 0.0962649750000000
 0.1020280360000000
 0.0984921130000000
 0.0936673860000000
 0.0957630830000000
 0.1015005130000000
 0.0976380770000000
 0.0954851100000000
 0.1616262670000000
 0.0993652830000000
 0.0977272650000000
 0.1748409030000000
 0.0918657240000000
 0.0978518640000000
 0.0961245860000000
 0.1143004250000000
 0.0946555870000000
 0.0968547880000000
 0.6668018570000001
 0.1179274890000000
 0.1010371710000000
 0.5821337519999999
 0.0947059390000000
 0.0948483480000000
 0.1041814140000000
 0.0886127290000000
 0.0971100590000000
 0.0931672350000000
 0.0974163880000000
 0.0946879870000000
 10.6061567940000003
 0.0977184340000000
 0.0938923870000000
 9.9113775159999999
 0.0956938170000000
 0.0970875250000000
 0.0946289260000000
 0.1055582410000000
 0.0974985470000000
 0.0968705220000000
 0.1013678940000000
 0.1087229450000000
 0.0956257870000000
 0.1032618150000000
 0.0968216320000000
 0.1025761010000000
 0.0984301070000000
 0.0905422940000000
 0.0897808710000000
 0.1030608760000000
 0.1001779840000000
 0.0991341170000000
 0.1001394310000000
 0.0997406300000000
 0.1013468690000000
 0.1005346680000000
 0.1009343070000000
 0.0987572450000000
 0.0980587490000000
 0.0922458920000000
 0.0969015270000000
 0.0956058090000000
 0.0944900730000000
 0.0993349120000000
 0.0918914390000000
 0.0993671780000000
 0.1245060300000000
 0.0979031380000000
 0.0975356260000000
 0.0956637750000000
 0.1028614700000000
 0.0912052370000000
 0.0950148670000000
 0.0961433130000000
 0.0980688720000000
 0.0910876200000000
 0.0954137370000000
 0.0958911110000000
 0.0996120440000000
 0.1058165770000000
 0.0950884100000000
 0.0940330180000000
 0.0880859240000000
 0.0956026600000000
 0.0949865780000000
 0.0988525740000000
 0.0990124430000000
 0.0947732790000000
 0.0954904220000000
 0.0946885580000000
 0.1045839210000000
 0.0993349040000000
 0.0951534990000000
 0.0922384810000000
 0.0915823110000000
 0.0983013740000000
 0.0998196120000000
 0.0934596070000000
 0.0969291750000000
 0.0980634880000000
 0.0976727190000000
 0.0943399020000000
 0.0939681300000000
 0.0932510560000000
 0.0976649660000000
 0.0936662000000000
 0.0929442360000000
 0.0943306810000000
 0.0944051330000000
 0.0948411590000000
 0.0950028460000000
 0.1027546700000000
 0.1020904680000000
 0.0959115670000000
 0.0937565030000000
 0.0876504480000000
 0.0936166090000000
 0.0952078310000000
 0.0972392720000000
 0.0960284820000000
 0.0930934180000000
 0.1000820040000000
 0.0964723300000000
 0.0959117720000000
 0.0935712790000000
 0.0854978290000000
 0.0959887390000000
 0.0986339560000000
 0.0983540970000000
 0.0957930400000000
 0.0979398600000000
 0.1239853330000000
 0.1093936180000000
 0.0970541850000000
 0.0927057880000000
 0.0955160430000000
 0.0946177280000000
 0.0885434520000000
 0.1022689090000000
 0.1040333410000000
 0.0980545370000000
 0.1067837390000000
 0.1014029290000000
 0.0945012280000000
 0.1212039900000000
 0.0997846070000000
 0.1007107890000000
 0.1065964210000000
 0.1036248280000000
 0.0930305520000000
 0.0916227360000000
 0.1188031490000000
 0.0962004950000000
 0.1128067480000000
 0.0923148750000000
 0.0977363330000000
 0.0958378010000000
 0.0957925430000000
 0.0935922930000000
 0.0967269670000000
 0.1031225880000000
 0.0972609820000000
 0.1082887710000000
 0.0965702390000000
 0.1114418810000000
 0.0988876840000000
 0.1114325210000000
 0.0949947300000000
 0.1017244780000000
 0.0947771710000000
 0.1038311380000000
 0.0974466920000000
 0.1148032610000000
 0.0962801800000000
 0.1152433380000000
 0.0995033430000000
 0.0926386590000000
 0.1135273760000000
 0.0943694970000000
 0.0975798790000000
 0.1069465310000000
 0.1069652480000000
 0.1014759740000000
 0.1088365390000000
 0.1185578530000000
 0.0969678480000000
 0.0956150670000000
 0.0960168010000000
 0.0920357050000000
 0.0965355200000000
 0.0975373410000000
 0.0996319890000000
 0.1001064290000000
 0.1014895910000000
 0.1120986030000000
 0.1125496460000000
 0.1034919050000000
 0.0958176760000000
 0.1012385050000000
 0.0967007650000000
 0.1346911250000000
 0.0991950520000000
 0.1467249940000000
 0.0952184270000000
 0.1243233470000000
 0.0917691820000000
 0.1107188590000000
 0.0981337220000000
 0.1596096120000000
 0.0965966280000000
 0.1012614110000000
 0.0975631770000000
 0.1464484820000000
 0.0980434150000000
 0.1452588530000000
 0.1028865050000000
 0.1166799870000000
 0.0943057910000000
 0.1159414010000000
 0.0980749820000000
 0.1125453060000000
 0.0980891590000000
 0.1031546290000000
 0.0929071920000000
 0.1026891980000000
 0.0970891540000000
 0.1483836740000000
 0.1008721730000000
 0.1830682420000000
 0.1005079440000000
 0.2182567260000000
 0.0984519890000000
 0.2270691750000000
 0.0998874610000000
 0.1092715030000000
 0.0954245930000000
 0.1962311120000000
 0.1040421840000000
 0.0951941120000000
 0.1297070050000000
 0.1019946080000000
 0.1336968310000000
 0.0967666850000000
 0.1196690290000000
 0.1010388130000000
 0.1204445600000000
 0.0990696010000000
 0.1123947860000000
 0.0979194340000000
 0.1472377570000000
 0.0927562550000000
 0.1006417550000000
 0.1931523750000000
 0.1008107730000000
 0.1375250340000000
 0.0980393520000000
 0.1101689030000000
 0.1417393320000000
 0.0992699070000000
 0.0968249300000000
 0.0971981670000000
 0.0894441790000000
 0.0932488510000000
 0.1381077960000000
 0.1010281910000000
 0.1059321140000000
 0.1052697970000000
 0.1038555560000000
 0.1424587050000000
 0.0958055040000000
 0.1478168130000000
 0.0996274270000000
 0.1592978760000000
 0.0918256670000000
 0.1667768220000000
 0.1037713210000000
 0.0895203730000000
 0.1644595150000000
 0.0986995670000000
 0.0941081900000000
 0.0971393550000000
 0.0953524340000000
 0.0965483470000000
 0.0905108790000000
 0.1604625630000000
 0.0926015440000000
 0.0943475380000000
 0.2238643470000000
 0.2208856330000000
 0.2208411390000000
 0.2166526140000000
 0.1803024460000000
 0.1817222740000000
 0.1886505100000000
 0.1755882810000000
 0.1142776550000000
 0.0978485300000000
 0.1697745900000000
 0.0993694210000000
 0.0927679750000000
 0.1558464520000000
 0.0904254550000000
 0.0847989420000000
 0.1407968570000000
 0.1438896230000000
 0.1404031540000000
 0.1511649070000000
 0.1484765970000000
 0.1473944570000000
 0.1015582810000000
 0.1456986110000000
 0.0950861150000000
 0.1668840810000000
 0.1659608290000000
 0.1760458790000000
 0.1652154000000000
 0.1204708630000000
 0.1170458560000000
 0.0952938240000000
 0.0891457260000000
 0.1257389420000000
 0.0985434550000000
 0.1024121710000000
 0.0939768020000000
 0.1021595510000000
 0.1001655470000000
 0.0972367710000000
 0.1002084300000000
 0.0941844420000000
 0.1026271440000000
 0.0962990640000000
 0.0945451790000000
 0.0914007290000000
 0.1043025270000000
 0.0948769310000000
 0.1283781470000000
 0.0999523840000000
 0.1240000680000000
 0.1247387920000000
 0.1278747210000000
 0.0874623780000000
 0.0891056330000000
 0.1258959430000000
 0.1258993630000000
 0.0949460710000000
 0.0942470870000000
 0.0895912460000000
 0.1012863040000000
 0.0910323770000000
 0.0923649010000000
 0.0870892780000000
 0.1102952190000000
 0.0950351190000000
 0.0943655380000000
 0.0955358190000000
 0.0916712240000000
 0.0890758070000000
 0.0909775480000000
 0.0957029520000000
 0.0952528170000000
 0.0952326310000000
 0.0956699850000000
 0.0939440370000000
 0.0977049860000000
 0.0973136580000000
 0.0889301830000000
 0.0923032970000000
 0.0959329420000000
 0.0991009970000000
 0.0926517390000000
 0.0974023570000000
 0.0903677500000000
 0.0983426460000000
 0.0981707630000000
 0.1016385830000000
 0.0959143620000000
 0.1106342290000000
 0.0956122910000000
 0.0915727400000000
 0.0991290010000000
 0.0998788300000000
 0.1007154730000000
 0.0985602740000000
 0.1011702170000000
 0.0961451890000000
 0.1032464940000000
 0.0955756210000000
 0.1003000480000000
 0.1222282880000000
 0.1145907310000000
 0.1123267170000000
 0.1063259190000000
 0.0955134620000000
 0.0990906540000000
 0.1018612350000000
 0.1145606970000000
 0.1266811650000000
 0.1165401030000000
 0.1138476750000000
 0.1199111220000000
 0.1179870290000000
 0.1168093450000000
 0.1200566020000000
 0.1142757370000000
 0.1191225270000000
 0.1338708890000000
 0.1299941410000000
 0.1489683900000000
 0.1244410320000000
 0.1263654720000000
 0.1633044000000000
 0.1420521670000000
 0.1208325490000000
 0.1096905050000000
 0.1134612300000000
 0.1984485820000000
 0.2150949120000000
 0.1585257740000000
 0.1690677300000000
 0.1212322530000000
 0.1268180460000000
 0.2144703770000000
 0.2151118810000000
 0.1960402700000000
 0.3274227260000000
 0.2043068930000000
 0.2327851000000000
 0.2026352120000000
 0.2099708360000000
 0.2996818400000000
 0.2788977620000000
 0.2865923750000000
 0.2692407060000000
 0.1994273390000000
 0.2236242700000000
 0.2126482400000000
 0.2916171870000000
 0.2135594740000000
 0.5681176570000001
 0.5593816860000000
 0.3927949120000000
 0.3845523120000000
 0.3626165290000000
 0.3568788260000000
 0.2223621300000000
 0.2174373250000000
 0.2149354950000000
 0.3820757530000000
 0.5645395840000000
 0.6004342850000000
 0.5981018160000000
 0.2181918920000000
 0.2037065620000000
 0.2141924280000000
 0.5690223280000000
 0.6003141250000000
 0.4016944050000000
 0.5676738590000000
 0.3590228790000000
 0.3872118560000000
 0.6085987440000000
 0.2157846820000000
 0.2245263740000000
 0.2199400280000000
 0.7486841490000000
 0.5541872430000000
 0.5285336040000000
 0.2177617040000000
 0.2014269460000000
 0.2151037040000000
 0.9724276780000000
 1.0129638790000000
 0.5509887670000000
 0.5728712400000000
 0.4209010850000000
 0.4447017140000000
 0.2056128650000000
 0.2197805500000000
 0.5783785070000000
 1.0021244590000000
 0.9662989560000000
 0.9739552790000000
 1.0032612260000000
 0.7287074330000000
 0.5702127510000000
 0.5779408080000000
 0.5324587000000000
 0.4257086200000000
 0.4600898950000000
 0.3937999010000000
 0.2024502260000000
 0.2190145510000000
 0.2181860750000000
 0.4474085160000000
 0.5811100820000000
 0.5787686080000000
 1.0034805370000000
 1.0081005949999999
 0.3187063830000000
 0.2596269360000000
 0.2757017340000000
 0.2409586760000000
 0.2055584010000000
 0.2280820320000000
 0.2091506080000000
 0.2248896710000000
 0.2138699980000000
 0.2175791900000000
 0.2757535470000000
 0.3400748020000000
 0.2098529360000000
 0.2264921300000000
 0.2116832970000000
 0.2212302660000000
 0.2259347840000000
 0.2035293980000000
 0.2250170530000000
 0.2250633560000000
 0.2439542680000000
 0.2209017930000000
 0.0976868760000000
 0.0978292160000000
 0.1057042280000000
 0.0955547240000000
 0.0971992350000000
 0.0955707180000000
 0.1125183350000000
 0.0981265320000000
 0.0975712150000000
 0.0950888750000000
 0.0999670200000000
 0.0996948430000000
 0.1043148510000000
 0.0943524550000000
 0.0967678160000000
 0.0994510230000000
 0.1028012940000000
 0.0956281970000000
 0.0941392260000000
 0.1062816810000000
 0.1068163950000000
 0.0986907160000000
 0.0999028320000000
 0.1388874140000000
 0.1014511680000000
 0.1010801660000000
 0.1009311910000000
 0.0984456370000000
 0.1044898720000000
 0.1199481670000000
 0.0958455430000000
 0.1029761770000000
 0.1000349020000000
 0.1116435530000000
 0.1276740670000000
 0.1627631140000000
 0.1268857540000000
 0.1660064570000000
 0.1959941450000000
 0.3452863270000000
 0.1933259510000000
 0.3453601480000000
 0.3804165760000000
 0.1323038460000000
 0.2385521350000000
 0.2647672830000000
 0.3634998930000000
 0.3010507010000000
 0.0986006110000000
 0.0894932980000000
 0.0971104520000000
 0.1004918020000000
 0.0995920920000000
 0.1000195280000000
 0.0985156810000000
 0.0942007460000000
 0.0950646260000000
 0.1002398810000000
 0.1037412220000000
 0.1019143510000000
 0.0991280580000000
 0.0955690960000000
 0.1003344460000000
 0.0964426160000000
 0.0985713430000000
 0.0977161920000000
 0.0979693720000000
 0.1019462690000000
 0.0968575480000000
 0.0953985400000000
 0.1006771610000000
 0.0859454370000000
 0.0963687910000000
 0.0932086310000000
 0.0990219650000000
 0.1006306450000000
 0.1027760640000000
 0.0982543250000000
 0.1058217520000000
 0.1057731420000000
 0.1094229670000000
 0.1013695070000000
 0.0961204990000000
 0.1014982270000000
 0.0959458220000000
 0.1030826000000000
 0.0962967800000000
 0.1146333500000000
 0.1066011920000000
 0.0977460800000000
 0.0952162480000000
 0.1008538580000000
 0.1866142070000000
 0.3460116590000000
 0.1249533340000000
 0.1650722890000000
 0.1326922940000000
 0.1642967560000000
 0.3386222550000000
 0.3715850850000000
 0.3396855300000000
 0.3400078530000000
 0.1863291740000000
 0.3383743740000000
 0.2295792290000000
 0.4135125240000000
 0.2475393430000000
 0.4211330240000000
 0.1927236600000000
 0.3555125030000000
 0.1933156400000000
 0.3460804240000000
 0.1306173330000000
 0.2454650830000000
 0.2525666600000000
 0.3103351390000000
 0.0973775780000000
 0.0924998530000000
 0.1024030190000000
 0.0897106260000000
 0.0939965060000000
 0.0944776510000000
 0.0969159200000000
 0.0964581730000000
 0.1007613030000000
 0.0976048430000000
 0.0876919690000000
 0.0973138800000000
 0.0964475550000000
 0.0961920010000000
 0.1009264790000000
 0.1450757540000000
 0.1433790730000000
 0.0998796790000000
 0.0944536910000000
 0.1402344860000000
 0.1442559410000000
 0.1407546720000000
 0.0927324960000000
 0.0906031400000000
 0.0910535520000000
 0.0970842350000000
 0.0943559810000000
 0.1040297830000000
 0.0958751230000000
 0.0984044660000000
 0.0912250150000000
 0.0977415220000000
 0.0965680280000000
 0.0938977430000000
 0.0987402670000000
 0.0996824400000000
 0.0945429470000000
 0.0987017130000000
 0.1141392610000000
 0.1381183950000000
 0.0919950950000000
 0.0943016400000000
 0.1194039100000000
 0.1206423550000000
 0.1205179660000000
 0.1206845400000000
 0.1189117300000000
 0.1173816220000000
 0.1184620130000000
 0.1175138320000000
 0.1224495960000000
 0.1132867610000000
 0.0931496580000000
 0.0938072240000000
 0.0895107280000000
 0.0892119420000000
 0.0910747080000000
 0.0985905890000000
 0.0925034050000000
 0.0920629780000000
 0.0953293680000000
 0.0941176720000000
 0.0872189180000000
 0.0949284730000000
 0.1019784330000000
 0.0917474980000000
 0.0889172740000000
 0.0929578670000000
 0.0950861050000000
 0.0959613700000000
 0.0953933420000000
 0.0988788270000000
 0.0913158020000000
 0.0957411550000000
 0.0978022050000000
 0.0930775750000000
 0.0974275000000000
 0.0929985140000000
 0.0959137360000000
 0.0920652800000000
 0.0943086880000000
 0.0937882920000000
 0.0937504350000000
 0.0992378140000000
 0.0947477850000000
 0.0986397540000000
 0.0923595240000000
 0.0935199550000000
 0.0971586750000000
 0.0962566600000000
 0.0921167500000000
 0.0885427050000000
 0.0934457820000000
 0.0923443660000000
 0.0960008260000000
 0.0938856490000000
 0.0952387760000000
 0.0965206630000000
 0.0903739020000000
 0.0973631000000000
 0.0953971760000000
 0.0971164170000000
 0.1013332920000000
 0.0993823150000000
 0.0973174230000000
 0.0929195870000000
 0.1004460130000000
 0.0982033730000000
 0.0953602280000000
 0.0966717290000000
 0.1034071210000000
 0.0909504490000000
 0.0986546250000000
 0.1080636530000000
 0.1089291400000000
 0.1162570020000000
 0.1100864260000000
 0.1155330860000000
 0.1135556380000000
 0.1034721420000000
 0.1005076110000000
 0.1369881120000000
 0.0943427620000000
 0.1136113010000000
 0.0920305590000000
 0.1107889700000000
 0.0934272670000000
 0.1401044780000000
 0.0910299270000000
 0.1058905030000000
 0.1110956460000000
 0.0935105170000000
 0.1033326630000000
 0.1086545140000000
 0.0982482070000000
 0.1203624740000000
 0.1227998340000000
 0.0938235510000000
 0.1421665000000000
 0.1332627120000000
 0.1343588190000000
 0.1358301880000000
 0.1344373220000000
 0.1410158460000000
 0.1340695290000000
 0.1832988490000000
 0.1657804200000000
 0.1505755920000000
 0.1424376250000000
 0.0933529500000000
 0.1306604490000000
 0.1360909050000000
 0.1469395950000000
 0.1348996040000000
 0.1338792060000000
 0.0972951330000000
 0.1391768900000000
 0.1318830390000000
 0.1067591940000000
 0.1361536220000000
 0.1808873240000000
 0.1730402520000000
 0.1438709940000000
 0.1488226790000000
 0.0901606600000000
 0.0958586810000000
 0.1177967350000000
 0.0881238450000000
 0.1184777680000000
 0.1060143220000000
 0.1071225810000000
 0.0944625300000000
 0.1041639870000000
 0.1154395520000000
 0.1145306930000000
 0.1087353110000000
 0.1072860110000000
 0.0905683960000000
 0.0928739630000000
 0.0938845120000000
 0.0977264720000000
 0.0888915500000000
 0.1039318990000000
 0.0938769700000000
 0.0946505440000000
 0.0920352250000000
 0.0992512010000000
 0.0994228730000000
 0.0937969290000000
 0.0953034990000000
 0.0925403940000000
 0.0911373310000000
 0.0954216720000000
 0.0964095230000000
 0.0928050260000000
 0.0927055000000000
 0.0916974650000000
 0.0882492770000000
 0.0968926910000000
 0.1088358090000000
 0.0921172870000000
 0.0999139330000000
 0.1013601580000000
 0.0920256530000000
 0.0941455100000000
 0.0939387060000000
 0.0937219850000000
 0.0941579410000000
 0.0949071410000000
 0.0972210180000000
 0.0911321600000000
 0.1022422650000000
 0.0902052800000000
 0.1025759720000000
 0.0965339770000000
 0.0937850510000000
 0.0930977320000000
 0.0904329660000000
 0.0915910230000000
 0.0884703950000000
 0.0953366670000000
 0.0959579860000000
 0.0982531460000000
 0.0961929350000000
 0.0944787930000000
 0.0981837220000000
 0.0953179500000000
 0.0978280150000000
 0.0905633590000000
 0.0880827670000000
 0.0963982010000000
 0.1050585160000000
 0.0948541250000000
 0.0926945990000000
 0.0928639670000000
 0.0898276380000000
 0.0897401260000000
 0.0955106420000000
 0.0936874070000000
 0.0948652290000000
 0.0934440760000000
 0.0994394850000000
 0.0956867150000000
 0.1066803950000000
 0.0995942560000000
 0.0936572340000000
 0.0867589710000000
 0.0944547630000000
 0.0951403360000000
 0.0947196760000000
 0.1096748840000000
 0.0964764210000000
 0.0918153500000000
 0.0960612070000000
 0.0922515140000000
 0.1152828760000000
 0.1095513320000000
 0.0951115600000000
 0.0964261330000000
 0.1002210180000000
 0.0913996460000000
 0.0944106910000000
 0.0946362110000000
 0.0981760320000000
 0.0930071370000000
 0.1120866780000000
 0.1122530420000000
 0.0939530130000000
 0.0921539430000000
 0.0948127020000000
 0.0956479460000000
 0.0988595080000000
 0.0975067310000000
 0.0942783370000000
 0.0939189980000000
 0.0968548220000000
 0.0988852100000000
 0.0987548140000000
 0.0941913120000000
 0.1145598620000000
 0.1029388590000000
 0.1058248860000000
 0.0965702130000000
 0.0979200570000000
 0.0918983870000000
 0.0988734050000000
 0.0940448510000000
 0.0951950150000000
 0.0941296400000000
 0.0839038780000000
 0.1026462180000000
 0.1019812490000000
 0.0916128690000000
 0.0959280110000000
 0.0940331860000000
 0.0950692980000000
 0.0925060830000000
 0.1073670030000000
 0.0975336160000000
 0.0970324260000000
 0.1010327880000000
 0.0972316170000000
 0.0947768670000000
 0.0921152430000000
 0.0975176900000000
 0.0996818960000000
 0.1050757520000000
 0.1079631750000000
 0.1044603710000000
 0.1012414060000000
 0.1028356960000000
 0.0932492030000000
 0.0953969950000000
 0.0883644970000000
 0.0958599800000000
 0.0962186900000000
 0.0960603580000000
 0.1001856670000000
 0.0964138300000000
 0.0961086170000000
 0.1000218150000000
 0.0989127880000000
 0.0961294990000000
 0.0947473890000000
 0.1043127900000000
 0.1052294710000000
 0.0977805040000000
 0.0995091010000000
 0.1013641140000000
 0.0966234230000000
 0.1144830940000000
 0.1064625370000000
 0.1100712920000000
 0.1091701860000000
 0.1118971800000000
 0.1166155900000000
 0.1157291510000000
 0.1156222920000000
 0.1118443090000000
 0.1117707650000000
 0.0922611380000000
 0.0978131860000000
 0.0960977870000000
 0.0898662420000000
 0.0924284090000000
 0.0941867600000000
 0.0893581390000000
 0.0899626240000000
 0.0955718740000000
 0.0976200010000000
 0.0893441680000000
 0.1160451830000000
 0.0970867530000000
 0.1041981030000000
 0.0954779350000000
 0.0947519920000000
 0.0932315940000000
 0.0928290230000000
 0.0938591970000000
 0.0948700250000000
 0.0931678960000000
 0.0973384640000000
 0.1002804340000000
 0.0991899850000000
 0.0983287590000000
 0.0949014540000000
 0.0970221480000000
 0.0960874460000000
 0.1063768310000000
 0.0913208440000000
 0.0944184230000000
 0.0968289620000000
 0.0950817150000000
 0.0942799950000000
 0.1182937550000000
 0.0928488540000000
 0.0911356900000000
 0.0970255670000000
 0.0987022730000000
 0.0942709140000000
 0.0952304790000000
 0.0949377000000000
 0.0959425210000000
 0.1073908710000000
 0.1028811490000000
 0.0951952760000000
 0.0945839460000000
 0.1053058660000000
 0.0925802390000000
 0.0973777110000000
 0.0953554240000000
 0.1022432770000000
 0.1145849810000000
 0.1066428560000000
 0.0968957270000000
 0.1013108110000000
 0.1019225610000000
 0.0947095220000000
 0.0937278870000000
 0.1084762870000000
 0.1087377060000000
 0.1017654140000000
 0.1103115340000000
 0.0943886640000000
 0.0971076270000000
 0.0858694330000000
 0.0929720520000000
 0.1019055870000000
 0.0977661000000000
 0.0947580590000000
 0.1098641220000000
 0.1087557940000000
 0.1066412470000000
 0.1049020320000000
 0.0919222500000000
 0.1143749590000000
 0.1198136530000000
 0.1160039620000000
 0.0891261790000000
 0.0893840370000000
 0.0948637280000000
 0.0950384040000000
 0.0917831920000000
 0.0892918440000000
 0.0980470720000000
 0.0916843640000000
 0.0970032080000000
 0.0915676570000000
 0.1016638580000000
 0.0900704460000000
 0.0919731610000000
 0.0928151800000000
 0.0906400100000000
 0.0935173050000000
 0.0901048080000000
 0.0913290050000000
 0.0920275680000000
 0.0944305640000000
 0.0891747160000000
 0.0895886730000000
 0.0872405020000000
 0.0998708620000000
 0.0943531060000000
 0.0913903240000000
 0.0972005800000000
 0.1017804910000000
 0.0933557580000000
 0.0953889390000000
 0.1014312090000000
 0.0895659710000000
 0.0963732250000000
 0.0904515720000000
 0.1032739290000000
 0.0867004780000000
 0.0910938430000000
 0.0951760580000000
 0.0928777550000000
 0.0924835640000000
 0.0853800380000000
 0.0923207610000000
 0.0867910630000000
 0.0890137260000000
 0.1029724880000000
 0.0905328670000000
 0.0931676690000000
 0.0935349010000000
 0.0895101640000000
 0.0883687310000000
 0.0892236010000000
 0.0927864690000000
 0.0906395150000000
 0.0898904560000000
 0.0969839240000000
 0.0997459790000000
 0.0951913510000000
 0.0924620500000000
 0.0970788380000000
 0.0923501620000000
 0.1104928290000000
 0.0924834910000000
 0.1041363370000000
 0.0950723380000000
 0.1037987900000000
 0.1006801180000000
 0.0971113130000000
 0.1117773680000000
 0.1048341310000000
 0.0928973750000000
 0.1039455270000000
 0.1000671810000000
 0.0957794200000000
 0.1016993250000000
 0.0948862750000000
 0.0980560000000000
 0.0974187580000000
 0.0898699180000000
 0.0981052380000000
 0.0982535140000000
 0.0995413370000000
 0.0982655260000000
 0.0889456930000000
 0.0938964670000000
 0.0916877730000000
 0.0885614900000000
 0.0931782790000000
 0.0960094770000000
 0.0901719150000000
 0.0896046550000000
 0.0943738390000000
 0.0975913360000000
 0.0893638370000000
 0.0932459540000000
 0.0883286340000000
 0.0937509140000000
 0.1001902390000000
 0.1067010120000000
 0.0951071130000000
 0.0923673360000000
 0.0938779570000000
 0.0929492630000000
 0.0870244660000000
 0.1021614680000000
 0.0980983200000000
 0.0955907700000000
 0.1073258900000000
 0.1025986090000000
 0.1063898610000000
 0.1015354690000000
 0.0976537020000000
 0.0955165960000000
 0.0934800630000000
 0.0938204740000000
 0.1029916120000000
 0.1038714840000000
 0.0968970290000000
 0.0988980810000000
 0.1147945470000000
 0.0982489660000000
 0.1017461820000000
 0.0978910940000000
 0.0898150840000000
 0.1031261950000000
 0.0911754020000000
 0.0956317630000000
 0.1102029710000000
 0.1237654450000000
 0.1211840020000000
 0.0909023190000000
 0.1290469910000000
 0.0902525050000000
 0.0931633940000000
 0.0978134270000000
 0.1231998600000000
 0.1149792770000000
 0.0942598490000000
 0.1055752850000000
 0.1005226090000000
 0.0933121570000000
 0.0930061070000000
 0.0901670160000000
 0.1490755360000000
 0.2194717230000000
 0.0964172770000000
 0.0932452460000000
 0.0904793500000000
 0.0940944590000000
 0.0983317930000000
 0.1029971220000000
 0.0891272730000000
 0.0900658130000000
 0.0859029310000000
 0.0892649310000000
 0.0948787870000000
 0.0926670200000000
 0.1029634570000000
 0.0933648850000000
 0.0957312820000000
 0.0991519510000000
 0.1837725750000000
 0.1097178380000000
 0.0990932820000000
 0.0923602710000000
 0.0925863500000000
 0.0959917930000000
 0.0927572550000000
 0.0906137240000000
 0.0928412050000000
 0.0908020190000000
 0.1145286450000000
 0.0914314370000000
 0.0976006100000000
 0.0903563530000000
 0.0961650710000000
 0.0940903340000000
 0.0886174190000000
 0.0949046960000000
 0.0956691200000000
 0.0932333670000000
 0.0940826500000000
 0.0882124020000000
 0.0938079600000000
 0.0970783280000000
 0.0977535630000000
 0.0912914710000000
 0.0945134380000000
 0.0943285640000000
 0.0945634440000000
 0.0994795050000000
 0.0975608670000000
 0.0984086830000000
 0.0936851060000000
 0.1001559980000000
 0.1008690180000000
 0.1028435300000000
 0.0905978640000000
 0.1061445570000000
 0.0945828580000000
 0.0930649050000000
 0.0895215240000000
 0.0862624710000000
 0.0920088190000000
 0.0897916040000000
 0.0978605570000000
 0.0919262640000000
 0.0912299360000000
 0.0862262220000000
 0.0879370090000000
 0.0863681420000000
 0.0956492090000000
 0.0925924900000000
 0.0904516830000000
 0.0933178710000000
 0.0944809550000000
 0.0943407810000000
 0.0933533510000000
 0.0941401250000000
 0.0899373630000000
 0.0912498400000000
 0.0963013250000000
 0.0969746750000000
 0.1091778050000000
 0.0890296900000000
 0.1033392650000000
 0.0925416420000000
 0.1084850390000000
 0.1068804810000000
 0.1109977560000000
 0.1145451180000000
 0.1088860720000000
 0.1153457890000000
 0.1071531440000000
 0.1115479030000000
 0.0974463180000000
 0.0902962090000000
 0.0882883830000000
 0.0950255830000000
 0.0997747200000000
 0.0896794310000000
 0.0982533440000000
 0.0921352270000000
 0.0918703850000000
 0.0894680180000000
 0.0898145060000000
 0.0908240070000000
 0.0884399390000000
 0.0901696530000000
 0.0931417930000000
 0.0914391070000000
 0.0904228310000000
 0.0944304540000000
 0.0912410340000000
 0.0876957680000000
 0.0932564040000000
 0.1068242530000000
 0.0962417430000000
 0.1032592900000000
 0.1038794900000000
 0.0934771740000000
 0.0989757210000000
 0.0954245880000000
 0.0966507390000000
 0.0925384930000000
 0.0859180690000000
 0.0933930130000000
 0.0935870350000000
 0.0903045860000000
 0.0923358800000000
 0.1025957170000000
 0.0969615370000000
 0.0913030520000000
 0.0995605080000000
 0.0929197600000000
 0.1300799960000000
 0.0961007290000000
 0.0961610720000000
 0.0926686770000000
 0.1555140540000000
 0.0918525690000000
 0.0925236830000000
 0.1010373220000000
 0.1052200390000000
 0.1259845100000000
 0.1323972920000000
 0.0949333830000000
 0.0940739030000000
 0.0927811220000000
 0.0830329480000000
 0.1146233280000000
 0.0908609450000000
 0.1219608920000000
 0.1283523730000000
 0.1501453410000000
