0 1
0.000274269 2
0.000564392 3
0.000857588 4
0.00115358 5
0.0014664 6
0.00181903 7
0.00218123 8
0.00257304 9
0.00298288 10
0.00341324 11
0.00385604 12
0.00430065 13
0.00474869 14
0.00519889 15
0.00565028 16
0.0061097 17
0.00657338 18
0.00704648 19
0.00753195 20
0.00802888 21
0.00852657 22
0.00903006 23
0.0095346 24
0.0100425 25
0.0105511 26
0.0110733 27
0.0116049 28
0.0121505 29
0.0127134 30
0.0132767 31
0.0138415 32
0.0144069 33
0.0149755 34
0.0155441 35
0.0161145 36
0.016685 37
0.0172584 38
0.0178378 39
0.018422 40
0.0190091 41
0.0196048 42
0.0202029 43
0.0208038 44
0.0214096 45
0.022016 46
0.0226253 47
0.0232359 48
0.0238486 49
0.0244673 50
0.0250863 51
0.0257142 52
0.0263465 53
0.02698 54
0.0276149 55
0.0282593 56
0.0289096 57
0.0295661 58
0.0302232 59
0.0308821 60
0.0315432 61
0.0322056 62
0.0328689 63
0.0335429 64
0.0342189 65
0.0348949 66
0.0355744 67
0.0362565 68
0.0369394 69
0.0376251 70
0.0383108 71
0.0390012 72
0.0396943 73
0.0403874 74
0.0410854 75
0.0417926 76
0.0425014 77
0.0432108 78
0.0439276 79
0.0446446 80
0.0453624 81
0.0460844 82
0.0468081 83
0.0475367 84
0.0482662 85
0.0489964 86
0.0497293 87
0.0504661 88
0.051203 89
0.0519468 90
0.0526946 91
0.0534442 92
0.0541944 93
0.0549523 94
0.0557105 95
0.0564722 96
0.0572346 97
0.0579988 98
0.0587675 99
0.059541 100
0.0603169 101
0.0610972 102
0.0618776 103
0.0626592 104
0.0634429 105
0.0642424 106
0.0650425 107
0.0658433 108
0.0666446 109
0.0674473 110
0.068251 111
0.0690574 112
0.0698662 113
0.070676 114
0.0714873 115
0.0723022 116
0.0731189 117
0.0739358 118
0.0747527 119
0.0755705 120
0.0763923 121
0.0772163 122
0.0780418 123
0.0788695 124
0.0796977 125
0.0805271 126
0.0813607 127
0.0821953 128
0.0830346 129
0.0838748 130
0.0847185 131
0.0855654 132
0.0864128 133
0.0872659 134
0.0881199 135
0.0889757 136
0.0898365 137
0.0907139 138
0.0915919 139
0.0924713 140
0.0933523 141
0.0942346 142
0.0951193 143
0.0960057 144
0.0968943 145
0.0977866 146
0.0986796 147
0.0995749 148
0.10047 149
0.101367 150
0.102267 151
0.103168 152
0.104074 153
0.104985 154
0.105901 155
0.106819 156
0.107738 157
0.108658 158
0.109581 159
0.110506 160
0.111432 161
0.112357 162
0.113285 163
0.114215 164
0.11515 165
0.116086 166
0.117021 167
0.11796 168
0.118902 169
0.119845 170
0.12079 171
0.121737 172
0.122685 173
0.123636 174
0.124588 175
0.125547 176
0.126507 177
0.127468 178
0.128429 179
0.129401 180
0.130372 181
0.131344 182
0.132321 183
0.133297 184
0.134278 185
0.135259 186
0.136241 187
0.137225 188
0.138213 189
0.139207 190
0.140206 191
0.141206 192
0.142209 193
0.143213 194
0.144218 195
0.145224 196
0.146231 197
0.147243 198
0.148257 199
0.149273 200
0.150291 201
0.151311 202
0.152332 203
0.153355 204
0.154381 205
0.155408 206
0.156437 207
0.157467 208
0.158498 209
0.15953 210
0.160568 211
0.161607 212
0.162651 213
0.163697 214
0.164745 215
0.165796 216
0.166847 217
0.167902 218
0.168959 219
0.170016 220
0.171074 221
0.172144 222
0.173213 223
0.174286 224
0.175362 225
0.176439 226
0.177518 227
0.178597 228
0.17968 229
0.180764 230
0.181852 231
0.18294 232
0.184036 233
0.185134 234
0.186234 235
0.18734 236
0.188447 237
0.189565 238
0.190684 239
0.191805 240
0.192928 241
0.194059 242
0.195194 243
0.196331 244
0.197469 245
0.198607 246
0.199745 247
0.200892 248
0.20204 249
0.203188 250
0.204338 251
0.205494 252
0.206652 253
0.207814 254
0.20898 255
0.210147 256
0.211315 257
0.212484 258
0.213656 259
0.214828 260
0.216003 261
0.217179 262
0.218357 263
0.219537 264
0.220717 265
0.221899 266
0.223086 267
0.224278 268
0.225472 269
0.226668 270
0.227866 271
0.229066 272
0.230267 273
0.231468 274
0.232671 275
0.233875 276
0.235079 277
0.236286 278
0.237494 279
0.238703 280
0.239917 281
0.241132 282
0.242348 283
0.243564 284
0.244781 285
0.245997 286
0.24722 287
0.248445 288
0.249671 289
0.2509 290
0.252129 291
0.253362 292
0.254595 293
0.255834 294
0.257075 295
0.258315 296
0.259564 297
0.260815 298
0.262071 299
0.263329 300
0.264591 301
0.265854 302
0.267119 303
0.268385 304
0.269652 305
0.270921 306
0.272191 307
0.273467 308
0.274744 309
0.276021 310
0.277299 311
0.278576 312
0.279861 313
0.281145 314
0.28243 315
0.283716 316
0.285003 317
0.286292 318
0.287582 319
0.288874 320
0.290167 321
0.291463 322
0.292761 323
0.29406 324
0.29536 325
0.296662 326
0.297963 327
0.299268 328
0.300578 329
0.301891 330
0.303204 331
0.304522 332
0.30584 333
0.30716 334
0.308481 335
0.309804 336
0.311128 337
0.312452 338
0.31378 339
0.315109 340
0.316439 341
0.317772 342
0.319105 343
0.320439 344
0.321775 345
0.323115 346
0.324458 347
0.3258 348
0.327145 349
0.328489 350
0.329837 351
0.331185 352
0.332534 353
0.333883 354
0.335232 355
0.336583 356
0.337935 357
0.339288 358
0.340644 359
0.342003 360
0.343364 361
0.344725 362
0.346089 363
0.347453 364
0.34882 365
0.350188 366
0.351557 367
0.352926 368
0.354299 369
0.355674 370
0.35705 371
0.358427 372
0.359805 373
0.361185 374
0.362565 375
0.363946 376
0.365329 377
0.366714 378
0.3681 379
0.369488 380
0.370876 381
0.372264 382
0.373653 383
0.375044 384
0.376436 385
0.377829 386
0.379228 387
0.380627 388
0.382026 389
0.383428 390
0.38483 391
0.386235 392
0.387639 393
0.389043 394
0.390448 395
0.391852 396
0.393259 397
0.394666 398
0.396074 399
0.397482 400
0.398892 401
0.400302 402
0.401717 403
0.403133 404
0.404552 405
0.40597 406
0.407389 407
0.408811 408
0.410232 409
0.411655 410
0.413079 411
0.414503 412
0.415928 413
0.417355 414
0.418784 415
0.420214 416
0.421646 417
0.42308 418
0.424513 419
0.425948 420
0.427387 421
0.428826 422
0.430267 423
0.431708 424
0.43315 425
0.434593 426
0.436037 427
0.437482 428
0.438926 429
0.440373 430
0.44182 431
0.443267 432
0.444715 433
0.446163 434
0.447611 435
0.449062 436
0.450513 437
0.451965 438
0.453418 439
0.454872 440
0.456325 441
0.457779 442
0.459235 443
0.460692 444
0.462151 445
0.46361 446
0.465072 447
0.466534 448
0.467998 449
0.469466 450
0.470935 451
0.472404 452
0.473875 453
0.475346 454
0.47682 455
0.478298 456
0.479776 457
0.481258 458
0.482741 459
0.484224 460
0.485712 461
0.487201 462
0.488692 463
0.490184 464
0.491677 465
0.49317 466
0.494663 467
0.496159 468
0.497655 469
0.499151 470
0.500648 471
0.502145 472
0.503643 473
0.505142 474
0.506642 475
0.508143 476
0.509648 477
0.511155 478
0.512664 479
0.514174 480
0.515683 481
0.517193 482
0.518703 483
0.520214 484
0.521728 485
0.523242 486
0.524756 487
0.52627 488
0.527786 489
0.529302 490
0.530818 491
0.53234 492
0.533864 493
0.535389 494
0.536916 495
0.538445 496
0.539974 497
0.541504 498
0.543034 499
0.544564 500
0.546096 501
0.547629 502
0.549163 503
0.550698 504
0.552233 505
0.553768 506
0.555305 507
0.556841 508
0.558379 509
0.559919 510
0.561459 511
0.563 512
0.564541 513
0.566084 514
0.567628 515
0.569172 516
0.570718 517
0.572266 518
0.573815 519
0.575364 520
0.576913 521
0.578463 522
0.580015 523
0.581568 524
0.583121 525
0.584679 526
0.586236 527
0.587794 528
0.589354 529
0.590914 530
0.592477 531
0.594045 532
0.595615 533
0.597184 534
0.598754 535
0.600325 536
0.601899 537
0.603476 538
0.605054 539
0.606634 540
0.608214 541
0.609795 542
0.611377 543
0.612961 544
0.614549 545
0.616139 546
0.61773 547
0.619321 548
0.620914 549
0.622508 550
0.624103 551
0.625699 552
0.627296 553
0.628894 554
0.630494 555
0.632095 556
0.633696 557
0.635299 558
0.636903 559
0.638508 560
0.640113 561
0.64172 562
0.643328 563
0.644935 564
0.646544 565
0.648154 566
0.649767 567
0.651383 568
0.653 569
0.654618 570
0.656237 571
0.657857 572
0.65948 573
0.661105 574
0.662729 575
0.664355 576
0.665988 577
0.667621 578
0.669255 579
0.670889 580
0.672524 581
0.674158 582
0.675793 583
0.677428 584
0.679064 585
0.6807 586
0.682336 587
0.683973 588
0.68561 589
0.68725 590
0.68889 591
0.690534 592
0.692178 593
0.693823 594
0.695468 595
0.697114 596
0.69876 597
0.700407 598
0.702055 599
0.703703 600
0.705353 601
0.707004 602
0.708657 603
0.71031 604
0.711963 605
0.713616 606
0.715272 607
0.716929 608
0.718587 609
0.720246 610
0.721906 611
0.723568 612
0.72523 613
0.726895 614
0.728564 615
0.730234 616
0.731903 617
0.733573 618
0.735245 619
0.736917 620
0.738591 621
0.740266 622
0.741941 623
0.743617 624
0.745296 625
0.746975 626
0.748656 627
0.750337 628
0.752018 629
0.753699 630
0.755383 631
0.757069 632
0.758757 633
0.760448 634
0.76214 635
0.763835 636
0.765533 637
0.767232 638
0.768933 639
0.770634 640
0.772335 641
0.77404 642
0.775746 643
0.777455 644
0.779164 645
0.780874 646
0.782584 647
0.784294 648
0.786005 649
0.787715 650
0.789427 651
0.791143 652
0.792862 653
0.794584 654
0.796306 655
0.798028 656
0.79975 657
0.801474 658
0.803198 659
0.804924 660
0.806655 661
0.808387 662
0.810121 663
0.811858 664
0.813597 665
0.815337 666
0.817079 667
0.818823 668
0.820567 669
0.822312 670
0.824058 671
0.825807 672
0.827561 673
0.829316 674
0.83107 675
0.832826 676
0.834583 677
0.83634 678
0.838098 679
0.839857 680
0.841618 681
0.843379 682
0.84514 683
0.846906 684
0.848674 685
0.850443 686
0.852212 687
0.853983 688
0.855754 689
0.857526 690
0.859299 691
0.861072 692
0.862848 693
0.864624 694
0.866402 695
0.86818 696
0.869958 697
0.871737 698
0.873516 699
0.875295 700
0.877075 701
0.878855 702
0.880637 703
0.882419 704
0.884206 705
0.885993 706
0.887782 707
0.889573 708
0.891364 709
0.893156 710
0.894948 711
0.896742 712
0.898536 713
0.900331 714
0.902128 715
0.903928 716
0.90573 717
0.907534 718
0.909339 719
0.911147 720
0.912955 721
0.914764 722
0.916574 723
0.918384 724
0.920194 725
0.922009 726
0.923825 727
0.925641 728
0.927461 729
0.929281 730
0.931102 731
0.932924 732
0.934748 733
0.936572 734
0.9384 735
0.940228 736
0.942058 737
0.943892 738
0.945731 739
0.947574 740
0.949418 741
0.951267 742
0.953117 743
0.954968 744
0.956819 745
0.95867 746
0.960523 747
0.962377 748
0.964232 749
0.966087 750
0.967943 751
0.9698 752
0.971656 753
0.973516 754
0.975376 755
0.977236 756
0.979098 757
0.980962 758
0.982827 759
0.984693 760
0.98656 761
0.988427 762
0.990295 763
0.992163 764
0.994033 765
0.995904 766
0.997775 767
0.999648 768
1.00152 769
1.0034 770
1.00527 771
1.00715 772
1.00904 773
1.01092 774
1.01281 775
1.0147 776
1.01659 777
1.01848 778
1.02037 779
1.02227 780
1.02416 781
1.02606 782
1.02796 783
1.02986 784
1.03176 785
1.03366 786
1.03556 787
1.03747 788
1.03937 789
1.04127 790
1.04318 791
1.04509 792
1.04701 793
1.04893 794
1.05085 795
1.05277 796
1.05469 797
1.05661 798
1.05853 799
1.06045 800
1.06238 801
1.06431 802
1.06623 803
1.06816 804
1.07009 805
1.07202 806
1.07395 807
1.07588 808
1.07781 809
1.07975 810
1.08169 811
1.08363 812
1.08557 813
1.08751 814
1.08945 815
1.09139 816
1.09334 817
1.09528 818
1.09723 819
1.09918 820
1.10114 821
1.10309 822
1.10504 823
1.107 824
1.10896 825
1.11092 826
1.11288 827
1.11484 828
1.11681 829
1.11878 830
1.12075 831
1.12272 832
1.1247 833
1.12668 834
1.12865 835
1.13063 836
1.13261 837
1.13459 838
1.13657 839
1.13856 840
1.14054 841
1.14253 842
1.14452 843
1.1465 844
1.14849 845
1.15048 846
1.15247 847
1.15446 848
1.15646 849
1.15845 850
1.16045 851
1.16245 852
1.16445 853
1.16645 854
1.16845 855
1.17046 856
1.17246 857
1.17447 858
1.17648 859
1.1785 860
1.18052 861
1.18254 862
1.18457 863
1.18659 864
1.18863 865
1.19066 866
1.1927 867
1.19474 868
1.19678 869
1.19883 870
1.20087 871
1.20292 872
1.20497 873
1.20701 874
1.20906 875
1.21111 876
1.21317 877
1.21522 878
1.21728 879
1.21934 880
1.2214 881
1.22347 882
1.22554 883
1.22761 884
1.22969 885
1.23177 886
1.23385 887
1.23593 888
1.23802 889
1.24011 890
1.2422 891
1.24429 892
1.24638 893
1.24847 894
1.25057 895
1.25267 896
1.25476 897
1.25686 898
1.25896 899
1.26106 900
1.26317 901
1.26527 902
1.26738 903
1.26949 904
1.2716 905
1.27371 906
1.27582 907
1.27793 908
1.28005 909
1.28217 910
1.28428 911
1.2864 912
1.28853 913
1.29065 914
1.29278 915
1.29491 916
1.29705 917
1.29919 918
1.30132 919
1.30346 920
1.3056 921
1.30774 922
1.30988 923
1.31203 924
1.31417 925
1.31631 926
1.31846 927
1.32061 928
1.32276 929
1.32491 930
1.32706 931
1.32922 932
1.33137 933
1.33353 934
1.33569 935
1.33785 936
1.34001 937
1.34217 938
1.34434 939
1.34651 940
1.34868 941
1.35086 942
1.35303 943
1.35522 944
1.35741 945
1.3596 946
1.36179 947
1.36399 948
1.36618 949
1.36838 950
1.37058 951
1.37278 952
1.37499 953
1.3772 954
1.37941 955
1.38163 956
1.38384 957
1.38606 958
1.38828 959
1.3905 960
1.39273 961
1.39495 962
1.39718 963
1.39941 964
1.40164 965
1.40387 966
1.4061 967
1.40834 968
1.41057 969
1.41281 970
1.41505 971
1.41729 972
1.41953 973
1.42177 974
1.42402 975
1.42627 976
1.42852 977
1.43077 978
1.43303 979
1.43529 980
1.43755 981
1.43981 982
1.44208 983
1.44435 984
1.44662 985
1.4489 986
1.45117 987
1.45344 988
1.45572 989
1.458 990
1.46028 991
1.46256 992
1.46484 993
1.46713 994
1.46942 995
1.47171 996
1.474 997
1.47629 998
1.47858 999
1.48088 1000
1.48317 1001
1.48548 1002
1.48779 1003
1.4901 1004
1.49241 1005
1.49473 1006
1.49705 1007
1.49937 1008
1.5017 1009
1.50404 1010
1.50638 1011
1.50872 1012
1.51106 1013
1.51341 1014
1.51577 1015
1.51812 1016
1.52048 1017
1.52284 1018
1.5252 1019
1.52756 1020
1.52992 1021
1.53229 1022
1.53465 1023
1.53703 1024
1.53941 1025
1.5418 1026
1.54418 1027
1.54657 1028
1.54895 1029
1.55134 1030
1.55373 1031
1.55613 1032
1.55852 1033
1.56092 1034
1.56332 1035
1.56573 1036
1.56813 1037
1.57055 1038
1.57296 1039
1.57538 1040
1.5778 1041
1.58022 1042
1.58265 1043
1.58507 1044
1.5875 1045
1.58993 1046
1.59237 1047
1.59481 1048
1.59726 1049
1.5997 1050
1.60215 1051
1.6046 1052
1.60704 1053
1.60949 1054
1.61194 1055
1.6144 1056
1.61685 1057
1.61931 1058
1.62177 1059
1.62425 1060
1.62673 1061
1.62921 1062
1.6317 1063
1.63419 1064
1.63668 1065
1.63918 1066
1.64168 1067
1.6442 1068
1.64671 1069
1.64922 1070
1.65175 1071
1.65427 1072
1.6568 1073
1.65933 1074
1.66187 1075
1.66441 1076
1.66695 1077
1.66951 1078
1.67207 1079
1.67463 1080
1.6772 1081
1.67978 1082
1.68235 1083
1.68493 1084
1.6875 1085
1.69008 1086
1.69266 1087
1.69524 1088
1.69783 1089
1.70042 1090
1.70301 1091
1.70561 1092
1.70822 1093
1.71083 1094
1.71344 1095
1.71605 1096
1.71867 1097
1.72128 1098
1.72391 1099
1.72653 1100
1.72916 1101
1.73179 1102
1.73443 1103
1.73707 1104
1.73971 1105
1.74236 1106
1.74501 1107
1.74767 1108
1.75034 1109
1.75301 1110
1.75568 1111
1.75836 1112
1.76105 1113
1.76373 1114
1.76642 1115
1.76911 1116
1.77181 1117
1.77451 1118
1.77721 1119
1.77991 1120
1.78262 1121
1.78532 1122
1.78803 1123
1.79074 1124
1.79346 1125
1.79617 1126
1.79889 1127
1.80161 1128
1.80434 1129
1.80708 1130
1.80982 1131
1.81255 1132
1.81529 1133
1.81803 1134
1.82077 1135
1.82352 1136
1.82627 1137
1.82903 1138
1.83178 1139
1.83453 1140
1.83729 1141
1.84005 1142
1.84282 1143
1.84558 1144
1.84835 1145
1.85114 1146
1.85393 1147
1.85673 1148
1.85953 1149
1.86233 1150
1.86513 1151
1.86794 1152
1.87074 1153
1.87355 1154
1.87636 1155
1.87918 1156
1.88201 1157
1.88485 1158
1.88769 1159
1.89052 1160
1.89337 1161
1.89622 1162
1.89907 1163
1.90193 1164
1.90479 1165
1.90765 1166
1.91052 1167
1.91339 1168
1.91626 1169
1.91913 1170
1.922 1171
1.92488 1172
1.92776 1173
1.93065 1174
1.93356 1175
1.93648 1176
1.9394 1177
1.94232 1178
1.94525 1179
1.94818 1180
1.9511 1181
1.95404 1182
1.95699 1183
1.95995 1184
1.96291 1185
1.96589 1186
1.96886 1187
1.97186 1188
1.97487 1189
1.97788 1190
1.9809 1191
1.98393 1192
1.98696 1193
1.99 1194
1.99304 1195
1.99609 1196
1.99914 1197
2.0022 1198
2.00526 1199
2.00832 1200
2.01139 1201
2.0145 1202
2.0176 1203
2.0207 1204
2.02381 1205
2.02692 1206
2.03004 1207
2.03315 1208
2.03627 1209
2.03939 1210
2.04252 1211
2.04565 1212
2.04879 1213
2.05194 1214
2.05509 1215
2.05825 1216
2.06141 1217
2.06458 1218
2.06774 1219
2.0709 1220
2.07407 1221
2.07724 1222
2.08044 1223
2.08363 1224
2.08684 1225
2.09004 1226
2.09325 1227
2.09649 1228
2.09974 1229
2.103 1230
2.10627 1231
2.10954 1232
2.11281 1233
2.1161 1234
2.11939 1235
2.1227 1236
2.12601 1237
2.12933 1238
2.13265 1239
2.13598 1240
2.13933 1241
2.14269 1242
2.14605 1243
2.14942 1244
2.15278 1245
2.15616 1246
2.15954 1247
2.16294 1248
2.16636 1249
2.16979 1250
2.17322 1251
2.17666 1252
2.18009 1253
2.18353 1254
2.18697 1255
2.19042 1256
2.19387 1257
2.19732 1258
2.20078 1259
2.20424 1260
2.2077 1261
2.21119 1262
2.21468 1263
2.21818 1264
2.22168 1265
2.22519 1266
2.2287 1267
2.23222 1268
2.23574 1269
2.23926 1270
2.2428 1271
2.24633 1272
2.24987 1273
2.25341 1274
2.25695 1275
2.2605 1276
2.26404 1277
2.2676 1278
2.27116 1279
2.27472 1280
2.27829 1281
2.28185 1282
2.28542 1283
2.289 1284
2.29259 1285
2.29618 1286
2.29977 1287
2.30339 1288
2.307 1289
2.31062 1290
2.31424 1291
2.31787 1292
2.3215 1293
2.32514 1294
2.32879 1295
2.33244 1296
2.33614 1297
2.33986 1298
2.34357 1299
2.34732 1300
2.35107 1301
2.35484 1302
2.35861 1303
2.36239 1304
2.36618 1305
2.36998 1306
2.37379 1307
2.3776 1308
2.38142 1309
2.38524 1310
2.38909 1311
2.39293 1312
2.39679 1313
2.4007 1314
2.40463 1315
2.40859 1316
2.41255 1317
2.41652 1318
2.4205 1319
2.42449 1320
2.42848 1321
2.43248 1322
2.43648 1323
2.44048 1324
2.44449 1325
2.44852 1326
2.45258 1327
2.45664 1328
2.4607 1329
2.4648 1330
2.46889 1331
2.47299 1332
2.4771 1333
2.48121 1334
2.48533 1335
2.48945 1336
2.49359 1337
2.49772 1338
2.50186 1339
2.50603 1340
2.5102 1341
2.51437 1342
2.51854 1343
2.52272 1344
2.52691 1345
2.53111 1346
2.53532 1347
2.53953 1348
2.54377 1349
2.54802 1350
2.5523 1351
2.55661 1352
2.56094 1353
2.56528 1354
2.56963 1355
2.574 1356
2.57836 1357
2.58273 1358
2.58712 1359
2.59152 1360
2.59591 1361
2.60032 1362
2.60473 1363
2.60914 1364
2.61356 1365
2.61799 1366
2.62241 1367
2.62684 1368
2.63131 1369
2.63579 1370
2.64028 1371
2.64479 1372
2.6493 1373
2.65386 1374
2.65843 1375
2.663 1376
2.66759 1377
2.6722 1378
2.67684 1379
2.68149 1380
2.68615 1381
2.69082 1382
2.69551 1383
2.70023 1384
2.70495 1385
2.70969 1386
2.71448 1387
2.71929 1388
2.7241 1389
2.72892 1390
2.73374 1391
2.73859 1392
2.74344 1393
2.74829 1394
2.75316 1395
2.75803 1396
2.7629 1397
2.76779 1398
2.77269 1399
2.77758 1400
2.78248 1401
2.78739 1402
2.7923 1403
2.79722 1404
2.80217 1405
2.80713 1406
2.81211 1407
2.81709 1408
2.82211 1409
2.82713 1410
2.83216 1411
2.83719 1412
2.84223 1413
2.84735 1414
2.85247 1415
2.85758 1416
2.86271 1417
2.86784 1418
2.87297 1419
2.87814 1420
2.88335 1421
2.88858 1422
2.89381 1423
2.89905 1424
2.9043 1425
2.90956 1426
2.91484 1427
2.92014 1428
2.92547 1429
2.93079 1430
2.93613 1431
2.94148 1432
2.94684 1433
2.95222 1434
2.95762 1435
2.96303 1436
2.96846 1437
2.97392 1438
2.97939 1439
2.98486 1440
2.99034 1441
2.99584 1442
3.00138 1443
3.00693 1444
3.01249 1445
3.01804 1446
3.02362 1447
3.02921 1448
3.0348 1449
3.04048 1450
3.04622 1451
3.05197 1452
3.05776 1453
3.06357 1454
3.06938 1455
3.0752 1456
3.08103 1457
3.08689 1458
3.09276 1459
3.09864 1460
3.10452 1461
3.11041 1462
3.11631 1463
3.12222 1464
3.12819 1465
3.13419 1466
3.14021 1467
3.14627 1468
3.15232 1469
3.15841 1470
3.16451 1471
3.17066 1472
3.17685 1473
3.18307 1474
3.18929 1475
3.1956 1476
3.20191 1477
3.20824 1478
3.21458 1479
3.22092 1480
3.22728 1481
3.23363 1482
3.24002 1483
3.2464 1484
3.25279 1485
3.2592 1486
3.2656 1487
3.27201 1488
3.27844 1489
3.28488 1490
3.29133 1491
3.29782 1492
3.30433 1493
3.31086 1494
3.31742 1495
3.32399 1496
3.33058 1497
3.33717 1498
3.34378 1499
3.35039 1500
3.35703 1501
3.3637 1502
3.37038 1503
3.37706 1504
3.38378 1505
3.39051 1506
3.39725 1507
3.40398 1508
3.41073 1509
3.41748 1510
3.42426 1511
3.43107 1512
3.43793 1513
3.44483 1514
3.45177 1515
3.45871 1516
3.46572 1517
3.47273 1518
3.47976 1519
3.48687 1520
3.494 1521
3.50112 1522
3.50828 1523
3.51544 1524
3.52261 1525
3.52979 1526
3.53698 1527
3.5442 1528
3.55143 1529
3.55866 1530
3.56592 1531
3.5732 1532
3.58053 1533
3.58788 1534
3.59524 1535
3.60262 1536
3.61 1537
3.6174 1538
3.6248 1539
3.63221 1540
3.63962 1541
3.64714 1542
3.65469 1543
3.66227 1544
3.66985 1545
3.67748 1546
3.68514 1547
3.69287 1548
3.70067 1549
3.70847 1550
3.71629 1551
3.72413 1552
3.73198 1553
3.73983 1554
3.74779 1555
3.75577 1556
3.76378 1557
3.77179 1558
3.77995 1559
3.78813 1560
3.79632 1561
3.80455 1562
3.81281 1563
3.82109 1564
3.82939 1565
3.8377 1566
3.84601 1567
3.85436 1568
3.86279 1569
3.87124 1570
3.87975 1571
3.88832 1572
3.89695 1573
3.90559 1574
3.91427 1575
3.92296 1576
3.93168 1577
3.94048 1578
3.94929 1579
3.95816 1580
3.96707 1581
3.97598 1582
3.98497 1583
3.99405 1584
4.0032 1585
4.01239 1586
4.02158 1587
4.03082 1588
4.04008 1589
4.04938 1590
4.05899 1591
4.06864 1592
4.07829 1593
4.08797 1594
4.09766 1595
4.10735 1596
4.11714 1597
4.12721 1598
4.13742 1599
4.14775 1600
4.15811 1601
4.16856 1602
4.17901 1603
4.1896 1604
4.20031 1605
4.21108 1606
4.22186 1607
4.23277 1608
4.24367 1609
4.25465 1610
4.26564 1611
4.27711 1612
4.28865 1613
4.30048 1614
4.31253 1615
4.3247 1616
4.33703 1617
4.34954 1618
4.36214 1619
4.3748 1620
4.38747 1621
4.40017 1622
4.41288 1623
4.42564 1624
4.4384 1625
4.45118 1626
4.46413 1627
4.47719 1628
4.49038 1629
4.50382 1630
4.51726 1631
4.53085 1632
4.5445 1633
4.55815 1634
4.5718 1635
4.58557 1636
4.59937 1637
4.61323 1638
4.62765 1639
4.64224 1640
4.65695 1641
4.67168 1642
4.68645 1643
4.70137 1644
4.71633 1645
4.73166 1646
4.74709 1647
4.76256 1648
4.77808 1649
4.79362 1650
4.80917 1651
4.82497 1652
4.84096 1653
4.85803 1654
4.87518 1655
4.89246 1656
4.90992 1657
4.92755 1658
4.94518 1659
4.96287 1660
4.98069 1661
4.99869 1662
5.01675 1663
5.03506 1664
5.05366 1665
5.07234 1666
5.09137 1667
5.11045 1668
5.12995 1669
5.14951 1670
5.16935 1671
5.18955 1672
5.20987 1673
5.23034 1674
5.25139 1675
5.27313 1676
5.29523 1677
5.31739 1678
5.33959 1679
5.36181 1680
5.38543 1681
5.40982 1682
5.43428 1683
5.45964 1684
5.48607 1685
5.51271 1686
5.53948 1687
5.56667 1688
5.5939 1689
5.62172 1690
5.64973 1691
5.67817 1692
5.70737 1693
5.73671 1694
5.76656 1695
5.79641 1696
5.82961 1697
5.86311 1698
5.89741 1699
5.93173 1700
5.96636 1701
6.00174 1702
6.03796 1703
6.07441 1704
6.11094 1705
6.14816 1706
6.18649 1707
6.22705 1708
6.26805 1709
6.30975 1710
6.35445 1711
6.40225 1712
6.45011 1713
6.4991 1714
6.54984 1715
6.60125 1716
6.6563 1717
6.7114 1718
6.76686 1719
6.82384 1720
6.88199 1721
6.9463 1722
7.01074 1723
7.07587 1724
7.14101 1725
7.20755 1726
7.27453 1727
7.34213 1728
7.41057 1729
7.47917 1730
7.54783 1731
7.63042 1732
7.71336 1733
7.79699 1734
7.88071 1735
7.96446 1736
8.04868 1737
8.133 1738
8.21753 1739
8.30211 1740
8.3867 1741
8.4717 1742
8.5572 1743
8.64277 1744
8.72839 1745
8.81423 1746
8.90013 1747
8.98605 1748
9.07199 1749
9.15795 1750
9.24402 1751
9.3301 1752
9.41626 1753
9.50249 1754
9.58873 1755
9.67503 1756
9.76142 1757
9.84782 1758
9.93422 1759
10.0206 1760
10.1071 1761
10.1936 1762
10.2801 1763
10.3669 1764
10.4537 1765
10.5406 1766
10.6276 1767
10.7147 1768
10.8018 1769
10.8889 1770
10.9762 1771
11.0634 1772
11.1508 1773
11.2382 1774
11.3256 1775
11.4131 1776
11.5005 1777
11.588 1778
11.6755 1779
11.763 1780
11.8505 1781
11.9381 1782
12.0256 1783
12.1133 1784
12.2009 1785
12.2887 1786
12.3764 1787
12.4642 1788
12.552 1789
12.6398 1790
12.7276 1791
12.8155 1792
12.9033 1793
12.9912 1794
13.0792 1795
13.1672 1796
13.2552 1797
13.3432 1798
13.4312 1799
13.5192 1800
13.6072 1801
13.6953 1802
13.7834 1803
13.8715 1804
13.9597 1805
14.0479 1806
14.1362 1807
14.2244 1808
14.3127 1809
14.401 1810
14.4894 1811
14.5777 1812
14.6661 1813
14.7546 1814
14.8431 1815
14.9315 1816
15.02 1817
15.1085 1818
15.197 1819
15.2855 1820
15.374 1821
15.4625 1822
15.5511 1823
15.6397 1824
15.7284 1825
15.8171 1826
15.9058 1827
15.9945 1828
16.0832 1829
16.1719 1830
16.2607 1831
16.3495 1832
16.4383 1833
16.5272 1834
16.6161 1835
16.705 1836
16.7939 1837
16.8828 1838
16.9717 1839
17.0606 1840
17.1496 1841
17.2385 1842
17.3275 1843
17.4165 1844
17.5055 1845
17.5945 1846
17.6836 1847
17.7726 1848
17.8617 1849
17.9507 1850
18.0398 1851
18.1289 1852
18.218 1853
18.3071 1854
18.3962 1855
18.4854 1856
18.5745 1857
18.6637 1858
18.7529 1859
18.8421 1860
18.9313 1861
19.0206 1862
19.1098 1863
19.1991 1864
19.2883 1865
19.3776 1866
19.4668 1867
19.5561 1868
19.6454 1869
19.7347 1870
19.8241 1871
19.9135 1872
20.0028 1873
20.0922 1874
20.1816 1875
20.271 1876
20.3604 1877
20.4498 1878
20.5392 1879
20.6287 1880
20.7181 1881
20.8076 1882
20.897 1883
20.9865 1884
21.0759 1885
21.1654 1886
21.2549 1887
21.3444 1888
21.4339 1889
21.5235 1890
21.613 1891
21.7026 1892
21.7922 1893
21.8818 1894
21.9714 1895
22.0611 1896
22.1507 1897
22.2404 1898
22.33 1899
22.4197 1900
22.5094 1901
22.5991 1902
22.6888 1903
22.7785 1904
22.8683 1905
22.958 1906
23.0479 1907
23.1377 1908
23.2276 1909
23.3175 1910
23.4074 1911
23.4973 1912
23.5872 1913
23.6771 1914
23.7671 1915
23.857 1916
23.947 1917
24.037 1918
24.127 1919
24.217 1920
24.307 1921
24.3971 1922
24.4871 1923
24.5772 1924
24.6673 1925
24.7574 1926
24.8475 1927
24.9376 1928
25.0277 1929
25.1178 1930
25.208 1931
25.2981 1932
25.3883 1933
25.4785 1934
25.5687 1935
25.6589 1936
25.7491 1937
25.8393 1938
25.9295 1939
26.0197 1940
26.11 1941
26.2002 1942
26.2905 1943
26.3807 1944
26.471 1945
26.5613 1946
26.6516 1947
26.7419 1948
26.8322 1949
26.9225 1950
27.0128 1951
27.1032 1952
27.1935 1953
27.2838 1954
27.3742 1955
27.4645 1956
27.5549 1957
27.6453 1958
27.7357 1959
27.8261 1960
27.9165 1961
28.0069 1962
28.0973 1963
28.1878 1964
28.2783 1965
28.3687 1966
28.4592 1967
28.5497 1968
28.6402 1969
28.7307 1970
28.8213 1971
28.9118 1972
29.0024 1973
29.0929 1974
29.1835 1975
29.2741 1976
29.3647 1977
29.4553 1978
29.546 1979
29.6366 1980
29.7273 1981
29.8179 1982
29.9086 1983
29.9992 1984
30.0899 1985
30.1806 1986
30.2712 1987
30.3619 1988
30.4526 1989
30.5433 1990
30.634 1991
30.7247 1992
30.8155 1993
30.9062 1994
30.997 1995
31.0877 1996
31.1785 1997
31.2693 1998
31.3601 1999
31.4509 2000
31.5417 2001
31.6325 2002
31.7234 2003
31.8143 2004
31.9052 2005
31.9961 2006
32.087 2007
32.178 2008
32.2689 2009
32.3599 2010
32.4509 2011
32.5419 2012
32.6329 2013
32.7239 2014
32.8149 2015
32.9059 2016
32.9969 2017
33.088 2018
33.179 2019
33.2701 2020
33.3612 2021
33.4523 2022
33.5435 2023
33.6346 2024
33.7258 2025
33.817 2026
33.9081 2027
33.9993 2028
34.0905 2029
34.1817 2030
34.2729 2031
34.364 2032
34.4552 2033
34.5465 2034
34.6377 2035
34.7289 2036
34.8201 2037
34.9114 2038
35.0027 2039
35.0939 2040
35.1852 2041
35.2765 2042
35.3678 2043
35.4591 2044
35.5504 2045
35.6418 2046
35.7331 2047
35.8245 2048
35.9158 2049
36.0072 2050
36.0986 2051
36.1899 2052
36.2813 2053
36.3727 2054
36.4641 2055
36.5555 2056
36.647 2057
36.7384 2058
36.8298 2059
36.9213 2060
37.0127 2061
37.1041 2062
37.1956 2063
37.2871 2064
37.3785 2065
37.47 2066
37.5615 2067
37.653 2068
37.7445 2069
37.836 2070
37.9275 2071
38.019 2072
38.1105 2073
38.202 2074
38.2936 2075
38.3851 2076
38.4766 2077
38.5682 2078
38.6598 2079
38.7513 2080
38.8429 2081
38.9345 2082
39.0261 2083
39.1177 2084
39.2093 2085
39.3009 2086
39.3925 2087
39.4841 2088
39.5758 2089
39.6674 2090
39.759 2091
39.8507 2092
39.9424 2093
40.034 2094
40.1257 2095
40.2174 2096
40.3091 2097
40.4008 2098
40.4925 2099
40.5842 2100
40.6759 2101
40.7676 2102
40.8593 2103
40.951 2104
41.0428 2105
41.1345 2106
41.2263 2107
41.3181 2108
41.4099 2109
41.5017 2110
41.5935 2111
41.6853 2112
41.7771 2113
41.8689 2114
41.9608 2115
42.0526 2116
42.1445 2117
42.2364 2118
42.3282 2119
42.4201 2120
42.512 2121
42.6039 2122
42.6959 2123
42.7878 2124
42.8797 2125
42.9716 2126
43.0635 2127
43.1555 2128
43.2474 2129
43.3394 2130
43.4313 2131
43.5233 2132
43.6153 2133
43.7072 2134
43.7992 2135
43.8912 2136
43.9832 2137
44.0752 2138
44.1672 2139
44.2592 2140
44.3512 2141
44.4432 2142
44.5352 2143
44.6273 2144
44.7193 2145
44.8114 2146
44.9035 2147
44.9955 2148
45.0876 2149
45.1797 2150
45.2718 2151
45.3639 2152
45.456 2153
45.5481 2154
45.6402 2155
45.7324 2156
45.8245 2157
45.9167 2158
46.0088 2159
46.101 2160
46.1932 2161
46.2854 2162
46.3776 2163
46.4698 2164
46.562 2165
46.6542 2166
46.7464 2167
46.8386 2168
46.9309 2169
47.0231 2170
47.1153 2171
47.2076 2172
47.2998 2173
47.3921 2174
47.4844 2175
47.5766 2176
47.6689 2177
47.7612 2178
47.8534 2179
47.9457 2180
48.038 2181
48.1303 2182
48.2226 2183
48.3149 2184
48.4072 2185
48.4995 2186
48.5919 2187
48.6842 2188
48.7766 2189
48.8689 2190
48.9613 2191
49.0537 2192
49.1461 2193
49.2384 2194
49.3308 2195
49.4232 2196
49.5156 2197
49.608 2198
49.7004 2199
49.7928 2200
49.8852 2201
49.9776 2202
50.0701 2203
50.1625 2204
50.2549 2205
50.3474 2206
50.4398 2207
50.5323 2208
50.6247 2209
50.7172 2210
50.8096 2211
50.9021 2212
50.9946 2213
51.087 2214
51.1795 2215
51.272 2216
51.3645 2217
51.457 2218
51.5495 2219
51.6419 2220
51.7344 2221
51.827 2222
51.9195 2223
52.012 2224
52.1045 2225
52.197 2226
52.2896 2227
52.3821 2228
52.4747 2229
52.5672 2230
52.6598 2231
52.7524 2232
52.8449 2233
52.9375 2234
53.0301 2235
53.1226 2236
53.2152 2237
53.3078 2238
53.4004 2239
53.493 2240
53.5856 2241
53.6782 2242
53.7708 2243
53.8634 2244
53.956 2245
54.0486 2246
54.1412 2247
54.2338 2248
54.3265 2249
54.4191 2250
54.5117 2251
54.6044 2252
54.697 2253
54.7897 2254
54.8823 2255
54.975 2256
55.0677 2257
55.1604 2258
55.253 2259
55.3457 2260
55.4384 2261
55.5311 2262
55.6238 2263
55.7166 2264
55.8093 2265
55.902 2266
55.9947 2267
56.0874 2268
56.1801 2269
56.2729 2270
56.3657 2271
56.4584 2272
56.5512 2273
56.644 2274
56.7367 2275
56.8295 2276
56.9223 2277
57.0151 2278
57.1079 2279
57.2007 2280
57.2935 2281
57.3864 2282
57.4792 2283
57.572 2284
57.6649 2285
57.7577 2286
57.8506 2287
57.9434 2288
58.0363 2289
58.1292 2290
58.222 2291
58.3149 2292
58.4078 2293
58.5007 2294
58.5936 2295
58.6865 2296
58.7794 2297
58.8723 2298
58.9652 2299
59.0582 2300
59.1511 2301
59.244 2302
59.337 2303
59.4299 2304
59.5229 2305
59.6159 2306
59.7088 2307
59.8018 2308
59.8948 2309
59.9878 2310
60.0808 2311
60.1738 2312
60.2668 2313
60.3598 2314
60.4528 2315
60.5459 2316
60.6389 2317
60.7319 2318
60.8249 2319
60.918 2320
61.0111 2321
61.1041 2322
61.1972 2323
61.2903 2324
61.3834 2325
61.4764 2326
61.5695 2327
61.6626 2328
61.7557 2329
61.8488 2330
61.9419 2331
62.035 2332
62.1281 2333
62.2212 2334
62.3144 2335
62.4075 2336
62.5006 2337
62.5938 2338
62.687 2339
62.7801 2340
62.8733 2341
62.9665 2342
63.0596 2343
63.1528 2344
63.246 2345
63.3392 2346
63.4323 2347
63.5255 2348
63.6187 2349
63.7119 2350
63.8051 2351
63.8984 2352
63.9916 2353
64.0848 2354
64.1781 2355
64.2713 2356
64.3646 2357
64.4578 2358
64.551 2359
64.6443 2360
64.7376 2361
64.8308 2362
64.9241 2363
65.0173 2364
65.1106 2365
65.2039 2366
65.2971 2367
65.3904 2368
65.4837 2369
65.5769 2370
65.6702 2371
65.7635 2372
65.8568 2373
65.9501 2374
66.0434 2375
66.1367 2376
66.23 2377
66.3233 2378
66.4167 2379
66.51 2380
66.6033 2381
66.6966 2382
66.79 2383
66.8833 2384
66.9767 2385
67.07 2386
67.1634 2387
67.2567 2388
67.3501 2389
67.4435 2390
67.5369 2391
67.6303 2392
67.7237 2393
67.8171 2394
67.9105 2395
68.0039 2396
68.0973 2397
68.1907 2398
68.2841 2399
68.3776 2400
68.4711 2401
68.5645 2402
68.658 2403
68.7515 2404
68.845 2405
68.9385 2406
69.0319 2407
69.1255 2408
69.219 2409
69.3125 2410
69.406 2411
69.4995 2412
69.5931 2413
69.6866 2414
69.7801 2415
69.8737 2416
69.9672 2417
70.0608 2418
70.1543 2419
70.2479 2420
70.3415 2421
70.4351 2422
70.5287 2423
70.6223 2424
70.7159 2425
70.8095 2426
70.9031 2427
70.9967 2428
71.0904 2429
71.184 2430
71.2776 2431
71.3713 2432
71.4649 2433
71.5586 2434
71.6523 2435
71.7459 2436
71.8396 2437
71.9332 2438
72.0269 2439
72.1206 2440
72.2143 2441
72.308 2442
72.4017 2443
72.4954 2444
72.5891 2445
72.6829 2446
72.7766 2447
72.8703 2448
72.964 2449
73.0578 2450
73.1515 2451
73.2452 2452
73.339 2453
73.4327 2454
73.5265 2455
73.6202 2456
73.714 2457
73.8078 2458
73.9016 2459
73.9953 2460
74.0891 2461
74.1829 2462
74.2767 2463
74.3705 2464
74.4643 2465
74.5581 2466
74.6519 2467
74.7458 2468
74.8396 2469
74.9334 2470
75.0272 2471
75.121 2472
75.2149 2473
75.3087 2474
75.4026 2475
75.4964 2476
75.5903 2477
75.6841 2478
75.778 2479
75.8718 2480
75.9657 2481
76.0596 2482
76.1535 2483
76.2474 2484
76.3413 2485
76.4352 2486
76.5292 2487
76.6231 2488
76.717 2489
76.811 2490
76.9049 2491
76.9989 2492
77.0929 2493
77.1869 2494
77.2809 2495
77.3749 2496
77.4689 2497
77.5629 2498
77.657 2499
77.751 2500
77.845 2501
77.9391 2502
78.0331 2503
78.1272 2504
78.2213 2505
78.3154 2506
78.4095 2507
78.5036 2508
78.5977 2509
78.6918 2510
78.7859 2511
78.88 2512
78.9741 2513
79.0682 2514
79.1624 2515
79.2565 2516
79.3506 2517
79.4448 2518
79.5389 2519
79.6331 2520
79.7273 2521
79.8214 2522
79.9156 2523
80.0098 2524
80.104 2525
80.1982 2526
80.2924 2527
80.3866 2528
80.4808 2529
80.5751 2530
80.6693 2531
80.7635 2532
80.8578 2533
80.952 2534
81.0463 2535
81.1406 2536
81.2348 2537
81.3291 2538
81.4234 2539
81.5177 2540
81.612 2541
81.7063 2542
81.8006 2543
81.8949 2544
81.9893 2545
82.0836 2546
82.1779 2547
82.2722 2548
82.3665 2549
82.4609 2550
82.5552 2551
82.6496 2552
82.744 2553
82.8383 2554
82.9327 2555
83.0271 2556
83.1214 2557
83.2158 2558
83.3102 2559
83.4046 2560
83.499 2561
83.5934 2562
83.6878 2563
83.7823 2564
83.8767 2565
83.9712 2566
84.0656 2567
84.16 2568
84.2545 2569
84.3489 2570
84.4434 2571
84.5379 2572
84.6323 2573
84.7268 2574
84.8212 2575
84.9157 2576
85.0102 2577
85.1047 2578
85.1991 2579
85.2936 2580
85.3881 2581
85.4826 2582
85.5771 2583
85.6716 2584
85.7662 2585
85.8607 2586
85.9552 2587
86.0497 2588
86.1442 2589
86.2388 2590
86.3333 2591
86.4278 2592
86.5224 2593
86.617 2594
86.7115 2595
86.8061 2596
86.9007 2597
86.9953 2598
87.0899 2599
87.1844 2600
87.279 2601
87.3737 2602
87.4683 2603
87.5629 2604
87.6576 2605
87.7522 2606
87.8469 2607
87.9415 2608
88.0362 2609
88.1308 2610
88.2255 2611
88.3201 2612
88.4148 2613
88.5095 2614
88.6041 2615
88.6988 2616
88.7935 2617
88.8882 2618
88.9828 2619
89.0775 2620
89.1722 2621
89.2669 2622
89.3616 2623
89.4563 2624
89.551 2625
89.6458 2626
89.7405 2627
89.8352 2628
89.93 2629
90.0247 2630
90.1194 2631
90.2142 2632
90.309 2633
90.4037 2634
90.4985 2635
90.5932 2636
90.688 2637
90.7828 2638
90.8775 2639
90.9723 2640
91.0671 2641
91.1619 2642
91.2567 2643
91.3515 2644
91.4463 2645
91.5411 2646
91.6359 2647
91.7307 2648
91.8255 2649
91.9203 2650
92.0152 2651
92.11 2652
92.2048 2653
92.2997 2654
92.3945 2655
92.4894 2656
92.5843 2657
92.6791 2658
92.774 2659
92.8688 2660
92.9637 2661
93.0586 2662
93.1535 2663
93.2483 2664
93.3432 2665
93.4381 2666
93.5331 2667
93.628 2668
93.7229 2669
93.8178 2670
93.9127 2671
94.0077 2672
94.1026 2673
94.1976 2674
94.2925 2675
94.3875 2676
94.4825 2677
94.5775 2678
94.6724 2679
94.7674 2680
94.8624 2681
94.9574 2682
95.0523 2683
95.1473 2684
95.2423 2685
95.3374 2686
95.4325 2687
95.5276 2688
95.6226 2689
95.7177 2690
95.8128 2691
95.9079 2692
96.003 2693
96.0981 2694
96.1932 2695
96.2883 2696
96.3834 2697
96.4785 2698
96.5736 2699
96.6688 2700
96.7639 2701
96.859 2702
96.9542 2703
97.0493 2704
97.1444 2705
97.2396 2706
97.3347 2707
97.4299 2708
97.525 2709
97.6202 2710
97.7154 2711
97.8105 2712
97.9057 2713
98.0009 2714
98.0961 2715
98.1913 2716
98.2865 2717
98.3817 2718
98.4769 2719
98.5721 2720
98.6673 2721
98.7625 2722
98.8577 2723
98.9529 2724
99.0482 2725
99.1434 2726
99.2386 2727
99.3339 2728
99.4291 2729
99.5244 2730
99.6196 2731
99.7149 2732
99.8102 2733
99.9055 2734
100.001 2735
100.096 2736
100.191 2737
100.287 2738
100.382 2739
100.477 2740
100.572 2741
100.668 2742
100.763 2743
100.858 2744
100.954 2745
101.049 2746
101.144 2747
101.24 2748
101.335 2749
101.43 2750
101.526 2751
101.621 2752
101.717 2753
101.812 2754
101.907 2755
102.003 2756
102.098 2757
102.193 2758
102.289 2759
102.384 2760
102.48 2761
102.575 2762
102.671 2763
102.766 2764
102.861 2765
102.957 2766
103.052 2767
103.148 2768
103.243 2769
103.339 2770
103.434 2771
103.53 2772
103.625 2773
103.72 2774
103.816 2775
103.911 2776
104.007 2777
104.102 2778
104.198 2779
104.293 2780
104.389 2781
104.484 2782
104.58 2783
104.676 2784
104.771 2785
104.867 2786
104.962 2787
105.058 2788
105.153 2789
105.249 2790
105.345 2791
105.44 2792
105.536 2793
105.631 2794
105.727 2795
105.823 2796
105.918 2797
106.014 2798
106.11 2799
106.205 2800
106.301 2801
106.397 2802
106.492 2803
106.588 2804
106.684 2805
106.779 2806
106.875 2807
106.971 2808
107.066 2809
107.162 2810
107.258 2811
107.354 2812
107.449 2813
107.545 2814
107.641 2815
107.737 2816
107.832 2817
107.928 2818
108.024 2819
108.12 2820
108.216 2821
108.311 2822
108.407 2823
108.503 2824
108.599 2825
108.695 2826
108.791 2827
108.886 2828
108.982 2829
109.078 2830
109.174 2831
109.27 2832
109.366 2833
109.461 2834
109.557 2835
109.653 2836
109.749 2837
109.845 2838
109.941 2839
110.037 2840
110.133 2841
110.228 2842
110.324 2843
110.42 2844
110.516 2845
110.612 2846
110.708 2847
110.804 2848
110.9 2849
110.996 2850
111.092 2851
111.188 2852
111.284 2853
111.381 2854
111.477 2855
111.573 2856
111.669 2857
111.765 2858
111.861 2859
111.957 2860
112.053 2861
112.149 2862
112.245 2863
112.341 2864
112.437 2865
112.533 2866
112.63 2867
112.726 2868
112.822 2869
112.918 2870
113.014 2871
113.11 2872
113.206 2873
113.303 2874
113.399 2875
113.495 2876
113.591 2877
113.687 2878
113.783 2879
113.88 2880
113.976 2881
114.072 2882
114.168 2883
114.265 2884
114.361 2885
114.457 2886
114.553 2887
114.649 2888
114.746 2889
114.842 2890
114.938 2891
115.034 2892
115.131 2893
115.227 2894
115.323 2895
115.42 2896
115.516 2897
115.612 2898
115.708 2899
115.805 2900
115.901 2901
115.997 2902
116.094 2903
116.19 2904
116.286 2905
116.383 2906
116.479 2907
116.575 2908
116.672 2909
116.768 2910
116.865 2911
116.961 2912
117.057 2913
117.154 2914
117.25 2915
117.346 2916
117.443 2917
117.539 2918
117.636 2919
117.732 2920
117.829 2921
117.925 2922
118.021 2923
118.118 2924
118.214 2925
118.311 2926
118.407 2927
118.504 2928
118.6 2929
118.697 2930
118.793 2931
118.89 2932
118.986 2933
119.083 2934
119.179 2935
119.276 2936
119.372 2937
119.469 2938
119.565 2939
119.662 2940
119.759 2941
119.855 2942
119.952 2943
120.048 2944
120.145 2945
120.241 2946
120.338 2947
120.435 2948
120.531 2949
120.628 2950
120.724 2951
120.821 2952
120.918 2953
121.014 2954
121.111 2955
121.207 2956
121.304 2957
121.401 2958
121.497 2959
121.594 2960
121.691 2961
121.787 2962
121.884 2963
121.981 2964
122.077 2965
122.174 2966
122.271 2967
122.368 2968
122.464 2969
122.561 2970
122.658 2971
122.754 2972
122.851 2973
122.948 2974
123.045 2975
123.141 2976
123.238 2977
123.335 2978
123.432 2979
123.529 2980
123.625 2981
123.722 2982
123.819 2983
123.916 2984
124.013 2985
124.11 2986
124.206 2987
124.303 2988
124.4 2989
124.497 2990
124.594 2991
124.691 2992
124.788 2993
124.884 2994
124.981 2995
125.078 2996
125.175 2997
125.272 2998
125.369 2999
125.466 3000
125.563 3001
125.66 3002
125.756 3003
125.853 3004
125.95 3005
126.047 3006
126.144 3007
126.241 3008
126.338 3009
126.435 3010
126.532 3011
126.629 3012
126.726 3013
126.823 3014
126.92 3015
127.017 3016
127.114 3017
127.211 3018
127.308 3019
127.405 3020
127.502 3021
127.599 3022
127.696 3023
127.794 3024
127.891 3025
127.988 3026
128.085 3027
128.182 3028
128.279 3029
128.376 3030
128.473 3031
128.57 3032
128.668 3033
128.765 3034
128.862 3035
128.959 3036
129.056 3037
129.153 3038
129.251 3039
129.348 3040
129.445 3041
129.542 3042
129.639 3043
129.737 3044
129.834 3045
129.931 3046
130.028 3047
130.126 3048
130.223 3049
130.32 3050
130.417 3051
130.515 3052
130.612 3053
130.709 3054
130.806 3055
130.904 3056
131.001 3057
131.098 3058
131.196 3059
131.293 3060
131.39 3061
131.488 3062
131.585 3063
131.682 3064
131.78 3065
131.877 3066
131.974 3067
132.072 3068
132.169 3069
132.266 3070
132.364 3071
132.461 3072
132.559 3073
132.656 3074
132.753 3075
132.851 3076
132.948 3077
133.046 3078
133.143 3079
133.24 3080
133.338 3081
133.435 3082
133.533 3083
133.63 3084
133.728 3085
133.825 3086
133.923 3087
134.02 3088
134.118 3089
134.215 3090
134.313 3091
134.41 3092
134.508 3093
134.605 3094
134.703 3095
134.8 3096
134.898 3097
134.995 3098
135.093 3099
135.191 3100
135.288 3101
135.386 3102
135.483 3103
135.581 3104
135.679 3105
135.776 3106
135.874 3107
135.971 3108
136.069 3109
136.167 3110
136.264 3111
136.362 3112
136.46 3113
136.557 3114
136.655 3115
136.753 3116
136.851 3117
136.948 3118
137.046 3119
137.144 3120
137.242 3121
137.339 3122
137.437 3123
137.535 3124
137.633 3125
137.73 3126
137.828 3127
137.926 3128
138.024 3129
138.122 3130
138.219 3131
138.317 3132
138.415 3133
138.513 3134
138.611 3135
138.709 3136
138.806 3137
138.904 3138
139.002 3139
139.1 3140
139.198 3141
139.296 3142
139.394 3143
139.492 3144
139.59 3145
139.688 3146
139.785 3147
139.883 3148
139.981 3149
140.079 3150
140.177 3151
140.275 3152
140.373 3153
140.471 3154
140.569 3155
140.667 3156
140.765 3157
140.863 3158
140.961 3159
141.059 3160
141.157 3161
141.255 3162
141.353 3163
141.452 3164
141.55 3165
141.648 3166
141.746 3167
141.844 3168
141.942 3169
142.04 3170
142.138 3171
142.236 3172
142.334 3173
142.433 3174
142.531 3175
142.629 3176
142.727 3177
142.825 3178
142.923 3179
143.022 3180
143.12 3181
143.218 3182
143.316 3183
143.414 3184
143.513 3185
143.611 3186
143.709 3187
143.808 3188
143.906 3189
144.004 3190
144.103 3191
144.201 3192
144.299 3193
144.398 3194
144.496 3195
144.594 3196
144.693 3197
144.791 3198
144.889 3199
144.988 3200
145.086 3201
145.185 3202
145.283 3203
145.382 3204
145.48 3205
145.579 3206
145.677 3207
145.776 3208
145.874 3209
145.973 3210
146.071 3211
146.17 3212
146.268 3213
146.367 3214
146.465 3215
146.564 3216
146.662 3217
146.761 3218
146.859 3219
146.958 3220
147.057 3221
147.155 3222
147.254 3223
147.352 3224
147.451 3225
147.55 3226
147.648 3227
147.747 3228
147.846 3229
147.944 3230
148.043 3231
148.142 3232
148.241 3233
148.339 3234
148.438 3235
148.537 3236
148.636 3237
148.735 3238
148.833 3239
148.932 3240
149.031 3241
149.13 3242
149.229 3243
149.328 3244
149.427 3245
149.525 3246
149.624 3247
149.723 3248
149.822 3249
149.921 3250
150.02 3251
150.119 3252
150.218 3253
150.317 3254
150.415 3255
150.514 3256
150.613 3257
150.712 3258
150.811 3259
150.91 3260
151.009 3261
151.108 3262
151.207 3263
151.306 3264
151.405 3265
151.504 3266
151.603 3267
151.702 3268
151.802 3269
151.901 3270
152 3271
152.099 3272
152.198 3273
152.297 3274
152.396 3275
152.495 3276
152.594 3277
152.694 3278
152.793 3279
152.892 3280
152.991 3281
153.09 3282
153.19 3283
153.289 3284
153.388 3285
153.487 3286
153.587 3287
153.686 3288
153.785 3289
153.884 3290
153.984 3291
154.083 3292
154.182 3293
154.282 3294
154.381 3295
154.48 3296
154.58 3297
154.679 3298
154.778 3299
154.878 3300
154.977 3301
155.077 3302
155.176 3303
155.275 3304
155.375 3305
155.474 3306
155.573 3307
155.673 3308
155.772 3309
155.872 3310
155.971 3311
156.071 3312
156.17 3313
156.269 3314
156.369 3315
156.468 3316
156.568 3317
156.667 3318
156.767 3319
156.866 3320
156.966 3321
157.065 3322
157.165 3323
157.264 3324
157.364 3325
157.463 3326
157.563 3327
157.663 3328
157.762 3329
157.862 3330
157.961 3331
158.061 3332
158.161 3333
158.261 3334
158.36 3335
158.46 3336
158.56 3337
158.659 3338
158.759 3339
158.859 3340
158.959 3341
159.058 3342
159.158 3343
159.258 3344
159.358 3345
159.458 3346
159.558 3347
159.657 3348
159.757 3349
159.857 3350
159.957 3351
160.057 3352
160.157 3353
160.257 3354
160.357 3355
160.457 3356
160.557 3357
160.657 3358
160.757 3359
160.857 3360
160.957 3361
161.057 3362
161.157 3363
161.258 3364
161.358 3365
161.458 3366
161.558 3367
161.658 3368
161.758 3369
161.859 3370
161.959 3371
162.059 3372
162.159 3373
162.26 3374
162.36 3375
162.46 3376
162.561 3377
162.661 3378
162.761 3379
162.862 3380
162.962 3381
163.063 3382
163.163 3383
163.263 3384
163.364 3385
163.464 3386
163.565 3387
163.665 3388
163.766 3389
163.866 3390
163.967 3391
164.067 3392
164.168 3393
164.268 3394
164.369 3395
164.469 3396
164.57 3397
164.67 3398
164.771 3399
164.872 3400
164.972 3401
165.073 3402
165.174 3403
165.274 3404
165.375 3405
165.476 3406
165.576 3407
165.677 3408
165.778 3409
165.879 3410
165.979 3411
166.08 3412
166.181 3413
166.282 3414
166.382 3415
166.483 3416
166.584 3417
166.685 3418
166.786 3419
166.887 3420
166.988 3421
167.089 3422
167.19 3423
167.291 3424
167.392 3425
167.493 3426
167.594 3427
167.695 3428
167.796 3429
167.897 3430
167.999 3431
168.1 3432
168.201 3433
168.302 3434
168.403 3435
168.505 3436
168.606 3437
168.707 3438
168.808 3439
168.91 3440
169.011 3441
169.113 3442
169.214 3443
169.315 3444
169.417 3445
169.518 3446
169.62 3447
169.721 3448
169.823 3449
169.924 3450
170.026 3451
170.128 3452
170.229 3453
170.331 3454
170.433 3455
170.534 3456
170.636 3457
170.738 3458
170.839 3459
170.941 3460
171.043 3461
171.145 3462
171.247 3463
171.349 3464
171.451 3465
171.553 3466
171.654 3467
171.756 3468
171.858 3469
171.96 3470
172.062 3471
172.164 3472
172.267 3473
172.369 3474
172.471 3475
172.573 3476
172.675 3477
172.777 3478
172.879 3479
172.981 3480
173.083 3481
173.186 3482
173.288 3483
173.39 3484
173.492 3485
173.594 3486
173.697 3487
173.799 3488
173.901 3489
174.003 3490
174.106 3491
174.208 3492
174.311 3493
174.413 3494
174.515 3495
174.618 3496
174.72 3497
174.823 3498
174.925 3499
175.028 3500
175.13 3501
175.233 3502
175.336 3503
175.438 3504
175.541 3505
175.644 3506
175.746 3507
175.849 3508
175.952 3509
176.055 3510
176.157 3511
176.26 3512
176.363 3513
176.466 3514
176.569 3515
176.672 3516
176.775 3517
176.878 3518
176.981 3519
177.084 3520
177.187 3521
177.29 3522
177.393 3523
177.497 3524
177.6 3525
177.703 3526
177.806 3527
177.909 3528
178.013 3529
178.116 3530
178.219 3531
178.323 3532
178.426 3533
178.529 3534
178.633 3535
178.736 3536
178.839 3537
178.943 3538
179.046 3539
179.15 3540
179.253 3541
179.356 3542
179.46 3543
179.564 3544
179.667 3545
179.771 3546
179.874 3547
179.978 3548
180.082 3549
180.185 3550
180.289 3551
180.393 3552
180.497 3553
180.601 3554
180.705 3555
180.809 3556
180.913 3557
181.017 3558
181.121 3559
181.225 3560
181.329 3561
181.433 3562
181.537 3563
181.641 3564
181.746 3565
181.85 3566
181.954 3567
182.059 3568
182.163 3569
182.268 3570
182.372 3571
182.477 3572
182.581 3573
182.686 3574
182.791 3575
182.895 3576
183 3577
183.104 3578
183.209 3579
183.314 3580
183.418 3581
183.523 3582
183.628 3583
183.733 3584
183.837 3585
183.942 3586
184.047 3587
184.152 3588
184.257 3589
184.362 3590
184.467 3591
184.572 3592
184.677 3593
184.782 3594
184.887 3595
184.993 3596
185.098 3597
185.203 3598
185.309 3599
185.414 3600
185.52 3601
185.625 3602
185.731 3603
185.836 3604
185.942 3605
186.048 3606
186.153 3607
186.259 3608
186.365 3609
186.471 3610
186.576 3611
186.682 3612
186.788 3613
186.894 3614
187 3615
187.106 3616
187.212 3617
187.317 3618
187.423 3619
187.529 3620
187.635 3621
187.741 3622
187.847 3623
187.954 3624
188.06 3625
188.166 3626
188.272 3627
188.378 3628
188.484 3629
188.59 3630
188.697 3631
188.803 3632
188.909 3633
189.015 3634
189.122 3635
189.228 3636
189.334 3637
189.441 3638
189.547 3639
189.653 3640
189.76 3641
189.867 3642
189.973 3643
190.08 3644
190.187 3645
190.293 3646
190.4 3647
190.507 3648
190.614 3649
190.721 3650
190.828 3651
190.935 3652
191.042 3653
191.149 3654
191.256 3655
191.364 3656
191.471 3657
191.579 3658
191.686 3659
191.794 3660
191.902 3661
192.01 3662
192.118 3663
192.226 3664
192.334 3665
192.442 3666
192.55 3667
192.659 3668
192.767 3669
192.875 3670
192.984 3671
193.092 3672
193.201 3673
193.309 3674
193.418 3675
193.526 3676
193.635 3677
193.744 3678
193.853 3679
193.962 3680
194.071 3681
194.18 3682
194.289 3683
194.398 3684
194.507 3685
194.616 3686
194.726 3687
194.835 3688
194.944 3689
195.054 3690
195.163 3691
195.273 3692
195.382 3693
195.492 3694
195.602 3695
195.711 3696
195.821 3697
195.931 3698
196.04 3699
196.15 3700
196.26 3701
196.37 3702
196.48 3703
196.59 3704
196.7 3705
196.811 3706
196.921 3707
197.031 3708
197.142 3709
197.252 3710
197.363 3711
197.474 3712
197.584 3713
197.695 3714
197.806 3715
197.917 3716
198.028 3717
198.139 3718
198.25 3719
198.361 3720
198.472 3721
198.584 3722
198.695 3723
198.806 3724
198.917 3725
199.029 3726
199.14 3727
199.252 3728
199.363 3729
199.475 3730
199.587 3731
199.698 3732
199.81 3733
199.922 3734
200.034 3735
200.147 3736
200.259 3737
200.371 3738
200.483 3739
200.596 3740
200.708 3741
200.821 3742
200.934 3743
201.046 3744
201.159 3745
201.273 3746
201.386 3747
201.499 3748
201.612 3749
201.726 3750
201.839 3751
201.953 3752
202.067 3753
202.18 3754
202.294 3755
202.408 3756
202.521 3757
202.635 3758
202.749 3759
202.863 3760
202.978 3761
203.092 3762
203.206 3763
203.32 3764
203.435 3765
203.549 3766
203.664 3767
203.778 3768
203.893 3769
204.008 3770
204.123 3771
204.238 3772
204.353 3773
204.468 3774
204.583 3775
204.699 3776
204.815 3777
204.93 3778
205.046 3779
205.162 3780
205.279 3781
205.395 3782
205.511 3783
205.628 3784
205.745 3785
205.862 3786
205.979 3787
206.097 3788
206.214 3789
206.332 3790
206.45 3791
206.567 3792
206.686 3793
206.804 3794
206.922 3795
207.04 3796
207.159 3797
207.277 3798
207.396 3799
207.515 3800
207.634 3801
207.754 3802
207.873 3803
207.993 3804
208.113 3805
208.233 3806
208.354 3807
208.474 3808
208.595 3809
208.715 3810
208.836 3811
208.957 3812
209.078 3813
209.2 3814
209.321 3815
209.443 3816
209.564 3817
209.686 3818
209.808 3819
209.93 3820
210.052 3821
210.174 3822
210.297 3823
210.419 3824
210.543 3825
210.666 3826
210.789 3827
210.913 3828
211.037 3829
211.161 3830
211.285 3831
211.409 3832
211.534 3833
211.659 3834
211.784 3835
211.908 3836
212.033 3837
212.158 3838
212.284 3839
212.409 3840
212.535 3841
212.661 3842
212.787 3843
212.914 3844
213.04 3845
213.167 3846
213.294 3847
213.421 3848
213.55 3849
213.679 3850
213.808 3851
213.938 3852
214.069 3853
214.199 3854
214.331 3855
214.463 3856
214.595 3857
214.728 3858
214.861 3859
214.996 3860
215.133 3861
215.271 3862
215.409 3863
215.547 3864
215.687 3865
215.827 3866
215.969 3867
216.11 3868
216.251 3869
216.394 3870
216.536 3871
216.68 3872
216.823 3873
216.969 3874
217.115 3875
217.263 3876
217.412 3877
217.562 3878
217.712 3879
217.863 3880
218.014 3881
218.167 3882
218.321 3883
218.476 3884
218.633 3885
218.79 3886
218.948 3887
219.108 3888
219.268 3889
219.429 3890
219.591 3891
219.754 3892
219.919 3893
220.085 3894
220.252 3895
220.42 3896
220.588 3897
220.757 3898
220.926 3899
221.096 3900
221.267 3901
221.44 3902
221.612 3903
221.785 3904
221.959 3905
222.134 3906
222.309 3907
222.486 3908
222.663 3909
222.841 3910
223.02 3911
223.199 3912
223.38 3913
223.562 3914
223.745 3915
223.928 3916
224.111 3917
224.295 3918
224.478 3919
224.662 3920
224.846 3921
225.032 3922
225.219 3923
225.406 3924
225.593 3925
225.781 3926
225.968 3927
226.157 3928
226.346 3929
226.535 3930
226.724 3931
226.913 3932
227.103 3933
227.292 3934
227.482 3935
227.672 3936
227.862 3937
228.053 3938
228.243 3939
228.434 3940
228.624 3941
228.815 3942
229.005 3943
229.197 3944
229.388 3945
229.579 3946
229.771 3947
229.963 3948
230.155 3949
230.348 3950
230.54 3951
230.733 3952
230.926 3953
231.119 3954
231.312 3955
231.506 3956
231.699 3957
231.893 3958
232.088 3959
232.282 3960
232.477 3961
232.672 3962
232.867 3963
233.061 3964
233.257 3965
233.452 3966
233.648 3967
233.843 3968
234.039 3969
234.235 3970
234.431 3971
234.628 3972
234.826 3973
235.024 3974
235.222 3975
235.42 3976
235.619 3977
235.817 3978
236.016 3979
236.215 3980
236.414 3981
236.613 3982
236.813 3983
237.012 3984
237.212 3985
237.412 3986
237.613 3987
237.815 3988
238.017 3989
238.218 3990
238.421 3991
238.623 3992
238.825 3993
239.028 3994
239.23 3995
239.433 3996
239.636 3997
239.84 3998
240.045 3999
240.249 4000
240.454 4001
240.659 4002
240.864 4003
241.07 4004
241.276 4005
241.483 4006
241.689 4007
241.896 4008
242.104 4009
242.311 4010
242.519 4011
242.727 4012
242.936 4013
243.144 4014
243.353 4015
243.562 4016
243.772 4017
243.983 4018
244.195 4019
244.406 4020
244.62 4021
244.835 4022
245.051 4023
245.271 4024
245.493 4025
245.715 4026
245.938 4027
246.161 4028
246.389 4029
246.619 4030
246.854 4031
247.092 4032
247.33 4033
247.572 4034
247.82 4035
248.071 4036
248.328 4037
248.586 4038
248.849 4039
249.114 4040
249.382 4041
249.655 4042
249.93 4043
250.206 4044
250.482 4045
250.759 4046
251.036 4047
251.314 4048
251.592 4049
251.871 4050
252.151 4051
252.431 4052
252.711 4053
252.992 4054
253.274 4055
253.557 4056
253.84 4057
254.124 4058
254.409 4059
254.693 4060
254.978 4061
255.264 4062
255.549 4063
255.835 4064
256.122 4065
256.409 4066
256.696 4067
256.983 4068
257.27 4069
257.559 4070
257.851 4071
258.144 4072
258.439 4073
258.734 4074
259.03 4075
259.328 4076
259.628 4077
259.93 4078
260.233 4079
260.538 4080
260.843 4081
261.149 4082
261.455 4083
261.761 4084
262.068 4085
262.376 4086
262.683 4087
262.993 4088
263.304 4089
263.614 4090
263.925 4091
264.238 4092
264.551 4093
264.864 4094
265.178 4095
265.494 4096
265.809 4097
266.126 4098
266.443 4099
266.767 4100
267.092 4101
267.418 4102
267.749 4103
268.081 4104
268.413 4105
268.747 4106
269.084 4107
269.42 4108
269.761 4109
270.103 4110
270.449 4111
270.796 4112
271.144 4113
271.497 4114
271.85 4115
272.203 4116
272.557 4117
272.911 4118
273.27 4119
273.636 4120
274.003 4121
274.372 4122
274.745 4123
275.12 4124
275.494 4125
275.87 4126
276.248 4127
276.627 4128
277.006 4129
277.386 4130
277.767 4131
278.151 4132
278.536 4133
278.922 4134
279.308 4135
279.695 4136
280.082 4137
280.469 4138
280.857 4139
281.246 4140
281.636 4141
282.026 4142
282.417 4143
282.812 4144
283.207 4145
283.603 4146
284.004 4147
284.406 4148
284.808 4149
285.218 4150
285.628 4151
286.04 4152
286.454 4153
286.874 4154
287.295 4155
287.718 4156
288.147 4157
288.579 4158
289.044 4159
289.511 4160
289.978 4161
290.455 4162
290.939 4163
291.429 4164
291.922 4165
292.428 4166
292.943 4167
293.457 4168
293.976 4169
294.501 4170
295.026 4171
295.562 4172
296.101 4173
296.646 4174
297.193 4175
297.749 4176
298.31 4177
298.873 4178
299.44 4179
300.013 4180
300.59 4181
301.167 4182
301.745 4183
302.324 4184
302.908 4185
303.494 4186
304.088 4187
304.685 4188
305.289 4189
305.931 4190
306.58 4191
307.24 4192
307.901 4193
308.578 4194
309.258 4195
309.939 4196
310.633 4197
311.331 4198
312.032 4199
312.736 4200
313.443 4201
314.15 4202
314.858 4203
315.568 4204
316.287 4205
317.008 4206
317.729 4207
318.45 4208
319.175 4209
319.906 4210
320.645 4211
321.384 4212
322.125 4213
322.875 4214
323.63 4215
324.386 4216
325.143 4217
325.903 4218
326.664 4219
327.435 4220
328.21 4221
329.009 4222
329.827 4223
330.645 4224
331.506 4225
332.376 4226
333.257 4227
334.141 4228
335.044 4229
335.948 4230
336.853 4231
337.762 4232
338.673 4233
339.586 4234
340.503 4235
341.422 4236
342.352 4237
343.286 4238
344.23 4239
345.181 4240
346.133 4241
347.09 4242
348.048 4243
349.017 4244
349.989 4245
350.963 4246
351.939 4247
352.915 4248
353.899 4249
354.888 4250
355.877 4251
356.869 4252
357.867 4253
358.869 4254
359.875 4255
360.883 4256
361.893 4257
362.904 4258
363.916 4259
364.93 4260
365.95 4261
366.98 4262
368.014 4263
369.052 4264
370.098 4265
371.144 4266
372.192 4267
373.257 4268
374.324 4269
375.403 4270
376.482 4271
377.575 4272
378.669 4273
379.767 4274
380.891 4275
382.022 4276
383.181 4277
384.342 4278
385.527 4279
386.725 4280
387.925 4281
389.13 4282
390.345 4283
391.563 4284
392.787 4285
394.014 4286
395.265 4287
396.521 4288
397.784 4289
399.073 4290
400.603 4291
402.147 4292
403.71 4293
405.352 4294
407.017 4295
409.266 4296
411.991 4297
415.795 4298
419.894 4299
425.797 4300
432.19 4301
440.101 4302
448.29 4303
457.72 4304
467.984 4305
479.799 4306
492.833 4307
505.894 4308
521.119 4309
555.733 4310
603.494 4311
871.48 4312

