0.0781655 1
0.158192 2
0.238621 3
0.319334 4
0.400066 5
0.481723 6
0.563431 7
0.645426 8
0.727544 9
0.809896 10
0.892541 11
0.975234 12
1.05805 13
1.1409 14
1.2239 15
1.3069 16
1.38995 17
1.47311 18
1.55629 19
1.63955 20
1.72291 21
1.80636 22
1.88987 23
1.9734 24
2.05721 25
2.14111 26
2.22501 27
2.30909 28
2.39319 29
2.47729 30
2.56142 31
2.64559 32
2.72998 33
2.81443 34
2.89888 35
2.98335 36
3.06791 37
3.15255 38
3.2372 39
3.32187 40
3.40655 41
3.49125 42
3.57599 43
3.66074 44
3.74557 45
3.83039 46
3.91524 47
4.0001 48
4.08496 49
4.16983 50
4.25479 51
4.33976 52
4.42481 53
4.50992 54
4.5951 55
4.68031 56
4.76554 57
4.85078 58
4.93604 59
5.02132 60
5.1066 61
5.19188 62
5.27718 63
5.3625 64
5.44781 65
5.53322 66
5.61865 67
5.70411 68
5.78959 69
5.87508 70
5.96058 71
6.04608 72
6.13158 73
6.21709 74
6.30263 75
6.38817 76
6.47372 77
6.55927 78
6.64483 79
6.73041 80
6.81599 81
6.90158 82
6.98718 83
7.07279 84
7.1584 85
7.24401 86
7.32963 87
7.41537 88
7.50111 89
7.58685 90
7.67261 91
7.75841 92
7.84422 93
7.93004 94
8.01589 95
8.10175 96
8.18765 97
8.27358 98
8.35952 99
8.44554 100
8.53157 101
8.6176 102
8.70365 103
8.78971 104
8.87579 105
8.9619 106
9.04804 107
9.13418 108
9.22034 109
9.30652 110
9.39272 111
9.47893 112
9.56514 113
9.65135 114
9.73758 115
9.82384 116
9.9101 117
9.99637 118
10.0826 119
10.1689 120
10.2552 121
10.3415 122
10.4278 123
10.5141 124
10.6005 125
10.6868 126
10.7731 127
10.8595 128
10.9459 129
11.0322 130
11.1186 131
11.205 132
11.2913 133
11.3777 134
11.4641 135
11.5505 136
11.6369 137
11.7233 138
11.8097 139
11.8961 140
11.9825 141
12.069 142
12.1554 143
12.2419 144
12.3284 145
12.4149 146
12.5014 147
12.5879 148
12.6744 149
12.7609 150
12.8474 151
12.9339 152
13.0205 153
13.107 154
13.1935 155
13.2801 156
13.3666 157
13.4532 158
13.5397 159
13.6263 160
13.7129 161
13.7995 162
13.8861 163
13.9727 164
14.0593 165
14.146 166
14.2326 167
14.3193 168
14.4059 169
14.4926 170
14.5793 171
14.666 172
14.7527 173
14.8394 174
14.9262 175
15.0129 176
15.0997 177
15.1864 178
15.2732 179
15.36 180
15.4468 181
15.5336 182
15.6204 183
15.7072 184
15.794 185
15.8808 186
15.9676 187
16.0545 188
16.1413 189
16.2282 190
16.315 191
16.4019 192
16.4888 193
16.5757 194
16.6626 195
16.7496 196
16.8365 197
16.9234 198
17.0103 199
17.0973 200
17.1842 201
17.2711 202
17.3581 203
17.445 204
17.532 205
17.619 206
17.706 207
17.7929 208
17.8799 209
17.9669 210
18.0539 211
18.1409 212
18.2279 213
18.3149 214
18.4019 215
18.4889 216
18.5759 217
18.6629 218
18.7499 219
18.8369 220
18.924 221
19.011 222
19.0981 223
19.1851 224
19.2721 225
19.3592 226
19.4463 227
19.5334 228
19.6205 229
19.7076 230
19.7947 231
19.8818 232
19.9689 233
20.0561 234
20.1432 235
20.2304 236
20.3175 237
20.4047 238
20.4919 239
20.579 240
20.6662 241
20.7534 242
20.8405 243
20.9277 244
21.0149 245
21.1021 246
21.1893 247
21.2765 248
21.3638 249
21.451 250
21.5382 251
21.6255 252
21.7127 253
21.8 254
21.8873 255
21.9745 256
22.0618 257
22.1491 258
22.2364 259
22.3238 260
22.4111 261
22.4984 262
22.5858 263
22.6731 264
22.7605 265
22.8478 266
22.9352 267
23.0225 268
23.1099 269
23.1973 270
23.2847 271
23.3721 272
23.4595 273
23.547 274
23.6344 275
23.7219 276
23.8094 277
23.8968 278
23.9843 279
24.0718 280
24.1593 281
24.2468 282
24.3343 283
24.4218 284
24.5093 285
24.5968 286
24.6844 287
24.7719 288
24.8595 289
24.947 290
25.0345 291
25.1221 292
25.2096 293
25.2972 294
25.3847 295
25.4723 296
25.5599 297
25.6474 298
25.735 299
25.8226 300
25.9102 301
25.9978 302
26.0854 303
26.173 304
26.2606 305
26.3483 306
26.4359 307
26.5235 308
26.6112 309
26.6988 310
26.7865 311
26.8741 312
26.9618 313
27.0494 314
27.1371 315
27.2248 316
27.3125 317
27.4001 318
27.4878 319
27.5755 320
27.6632 321
27.751 322
27.8387 323
27.9264 324
28.0142 325
28.1019 326
28.1897 327
28.2774 328
28.3652 329
28.453 330
28.5408 331
28.6286 332
28.7164 333
28.8042 334
28.892 335
28.9799 336
29.0678 337
29.1556 338
29.2435 339
29.3314 340
29.4193 341
29.5072 342
29.595 343
29.6829 344
29.7708 345
29.8587 346
29.9466 347
30.0345 348
30.1224 349
30.2104 350
30.2983 351
30.3862 352
30.4741 353
30.5621 354
30.65 355
30.7379 356
30.8259 357
30.9138 358
31.0018 359
31.0897 360
31.1777 361
31.2657 362
31.3536 363
31.4416 364
31.5296 365
31.6176 366
31.7056 367
31.7935 368
31.8815 369
31.9695 370
32.0575 371
32.1455 372
32.2335 373
32.3216 374
32.4096 375
32.4977 376
32.5857 377
32.6738 378
32.7618 379
32.8499 380
32.938 381
33.0261 382
33.1142 383
33.2023 384
33.2904 385
33.3785 386
33.4665 387
33.5547 388
33.6428 389
33.7309 390
33.819 391
33.9071 392
33.9953 393
34.0834 394
34.1715 395
34.2597 396
34.3478 397
34.436 398
34.5241 399
34.6123 400
34.7004 401
34.7886 402
34.8768 403
34.9649 404
35.0531 405
35.1413 406
35.2295 407
35.3177 408
35.4059 409
35.4941 410
35.5823 411
35.6705 412
35.7587 413
35.8469 414
35.9352 415
36.0234 416
36.1117 417
36.2 418
36.2883 419
36.3765 420
36.4648 421
36.5531 422
36.6414 423
36.7297 424
36.818 425
36.9063 426
36.9947 427
37.083 428
37.1713 429
37.2597 430
37.348 431
37.4364 432
37.5247 433
37.6131 434
37.7014 435
37.7898 436
37.8782 437
37.9666 438
38.0549 439
38.1433 440
38.2317 441
38.3201 442
38.4084 443
38.4968 444
38.5852 445
38.6736 446
38.762 447
38.8504 448
38.9389 449
39.0273 450
39.1157 451
39.2041 452
39.2925 453
39.381 454
39.4694 455
39.5578 456
39.6463 457
39.7347 458
39.8232 459
39.9116 460
40.0001 461
40.0885 462
40.177 463
40.2654 464
40.3539 465
40.4424 466
40.5308 467
40.6193 468
40.7078 469
40.7962 470
40.8847 471
40.9732 472
41.0617 473
41.1502 474
41.2387 475
41.3272 476
41.4157 477
41.5043 478
41.5928 479
41.6813 480
41.7698 481
41.8584 482
41.9469 483
42.0355 484
42.124 485
42.2126 486
42.3011 487
42.3897 488
42.4782 489
42.5668 490
42.6553 491
42.7439 492
42.8325 493
42.921 494
43.0096 495
43.0982 496
43.1868 497
43.2754 498
43.3641 499
43.4527 500
43.5413 501
43.63 502
43.7186 503
43.8073 504
43.896 505
43.9846 506
44.0733 507
44.162 508
44.2507 509
44.3394 510
44.4281 511
44.5168 512
44.6054 513
44.6941 514
44.7829 515
44.8716 516
44.9603 517
45.049 518
45.1378 519
45.2265 520
45.3152 521
45.404 522
45.4927 523
45.5815 524
45.6702 525
45.759 526
45.8477 527
45.9365 528
46.0253 529
46.1141 530
46.2028 531
46.2916 532
46.3804 533
46.4692 534
46.558 535
46.6469 536
46.7357 537
46.8245 538
46.9133 539
47.0021 540
47.091 541
47.1798 542
47.2687 543
47.3575 544
47.4464 545
47.5352 546
47.6241 547
47.713 548
47.8018 549
47.8907 550
47.9796 551
48.0685 552
48.1574 553
48.2463 554
48.3352 555
48.4241 556
48.5131 557
48.602 558
48.6909 559
48.7799 560
48.8688 561
48.9578 562
49.0468 563
49.1357 564
49.2247 565
49.3137 566
49.4026 567
49.4916 568
49.5806 569
49.6696 570
49.7586 571
49.8476 572
49.9366 573
50.0256 574
50.1146 575
50.2036 576
50.2926 577
50.3817 578
50.4707 579
50.5597 580
50.6488 581
50.7378 582
50.8269 583
50.9159 584
51.005 585
51.094 586
51.1831 587
51.2722 588
51.3612 589
51.4503 590
51.5394 591
51.6285 592
51.7176 593
51.8067 594
51.8958 595
51.9849 596
52.0741 597
52.1632 598
52.2523 599
52.3415 600
52.4306 601
52.5198 602
52.6089 603
52.6981 604
52.7873 605
52.8764 606
52.9656 607
53.0548 608
53.144 609
53.2332 610
53.3224 611
53.4116 612
53.5008 613
53.59 614
53.6792 615
53.7685 616
53.8577 617
53.947 618
54.0362 619
54.1255 620
54.2147 621
54.304 622
54.3933 623
54.4825 624
54.5718 625
54.661 626
54.7503 627
54.8396 628
54.9288 629
55.0181 630
55.1074 631
55.1967 632
55.286 633
55.3753 634
55.4646 635
55.5539 636
55.6432 637
55.7325 638
55.8218 639
55.9111 640
56.0004 641
56.0897 642
56.1791 643
56.2684 644
56.3577 645
56.4471 646
56.5364 647
56.6257 648
56.7151 649
56.8044 650
56.8938 651
56.9831 652
57.0725 653
57.1619 654
57.2512 655
57.3406 656
57.43 657
57.5194 658
57.6088 659
57.6982 660
57.7876 661
57.877 662
57.9664 663
58.0558 664
58.1452 665
58.2346 666
58.324 667
58.4134 668
58.5029 669
58.5923 670
58.6817 671
58.7711 672
58.8606 673
58.95 674
59.0395 675
59.1289 676
59.2184 677
59.3079 678
59.3973 679
59.4868 680
59.5762 681
59.6657 682
59.7552 683
59.8446 684
59.9341 685
60.0236 686
60.1131 687
60.2026 688
60.2921 689
60.3816 690
60.4711 691
60.5606 692
60.6501 693
60.7396 694
60.8291 695
60.9186 696
61.0081 697
61.0976 698
61.1871 699
61.2767 700
61.3662 701
61.4558 702
61.5453 703
61.6349 704
61.7244 705
61.814 706
61.9035 707
61.9931 708
62.0827 709
62.1723 710
62.2619 711
62.3514 712
62.441 713
62.5307 714
62.6203 715
62.7099 716
62.7995 717
62.8891 718
62.9787 719
63.0684 720
63.158 721
63.2476 722
63.3373 723
63.4269 724
63.5165 725
63.6062 726
63.6958 727
63.7855 728
63.8751 729
63.9648 730
64.0545 731
64.1441 732
64.2338 733
64.3235 734
64.4132 735
64.5028 736
64.5925 737
64.6822 738
64.7719 739
64.8616 740
64.9513 741
65.041 742
65.1307 743
65.2204 744
65.3101 745
65.3998 746
65.4896 747
65.5793 748
65.669 749
65.7588 750
65.8485 751
65.9382 752
66.028 753
66.1177 754
66.2075 755
66.2972 756
66.387 757
66.4767 758
66.5665 759
66.6563 760
66.7461 761
66.8358 762
66.9256 763
67.0154 764
67.1052 765
67.195 766
67.2849 767
67.3747 768
67.4645 769
67.5543 770
67.6441 771
67.7339 772
67.8238 773
67.9136 774
68.0034 775
68.0933 776
68.1831 777
68.273 778
68.3629 779
68.4527 780
68.5426 781
68.6325 782
68.7224 783
68.8123 784
68.9022 785
68.9921 786
69.082 787
69.1719 788
69.2618 789
69.3517 790
69.4417 791
69.5316 792
69.6215 793
69.7115 794
69.8014 795
69.8914 796
69.9813 797
70.0713 798
70.1612 799
70.2511 800
70.3411 801
70.4311 802
70.521 803
70.611 804
70.7009 805
70.7909 806
70.8809 807
70.9709 808
71.0609 809
71.1509 810
71.2408 811
71.3308 812
71.4208 813
71.5108 814
71.6008 815
71.6908 816
71.7808 817
71.8708 818
71.9608 819
72.0508 820
72.1409 821
72.2309 822
72.3209 823
72.4109 824
72.501 825
72.591 826
72.681 827
72.7711 828
72.8611 829
72.9512 830
73.0412 831
73.1313 832
73.2213 833
73.3114 834
73.4014 835
73.4915 836
73.5816 837
73.6717 838
73.7617 839
73.8518 840
73.9419 841
74.032 842
74.1221 843
74.2122 844
74.3023 845
74.3924 846
74.4825 847
74.5726 848
74.6627 849
74.7528 850
74.8429 851
74.933 852
75.0231 853
75.1132 854
75.2034 855
75.2935 856
75.3836 857
75.4737 858
75.5639 859
75.654 860
75.7442 861
75.8343 862
75.9245 863
76.0147 864
76.1048 865
76.195 866
76.2852 867
76.3754 868
76.4656 869
76.5558 870
76.646 871
76.7362 872
76.8264 873
76.9166 874
77.0068 875
77.0971 876
77.1873 877
77.2775 878
77.3677 879
77.458 880
77.5482 881
77.6385 882
77.7287 883
77.819 884
77.9092 885
77.9995 886
78.0897 887
78.18 888
78.2703 889
78.3605 890
78.4508 891
78.5411 892
78.6313 893
78.7216 894
78.8119 895
78.9021 896
78.9924 897
79.0827 898
79.173 899
79.2633 900
79.3535 901
79.4438 902
79.5341 903
79.6244 904
79.7147 905
79.805 906
79.8953 907
79.9856 908
80.0759 909
80.1662 910
80.2565 911
80.3468 912
80.4371 913
80.5274 914
80.6178 915
80.7081 916
80.7984 917
80.8887 918
80.9791 919
81.0694 920
81.1597 921
81.2501 922
81.3404 923
81.4307 924
81.5211 925
81.6115 926
81.7018 927
81.7922 928
81.8825 929
81.9729 930
82.0633 931
82.1536 932
82.244 933
82.3344 934
82.4248 935
82.5152 936
82.6056 937
82.696 938
82.7864 939
82.8768 940
82.9672 941
83.0576 942
83.148 943
83.2384 944
83.3289 945
83.4193 946
83.5097 947
83.6002 948
83.6906 949
83.7811 950
83.8715 951
83.962 952
84.0524 953
84.1429 954
84.2334 955
84.3238 956
84.4143 957
84.5048 958
84.5953 959
84.6858 960
84.7763 961
84.8668 962
84.9573 963
85.0478 964
85.1382 965
85.2287 966
85.3192 967
85.4098 968
85.5003 969
85.5908 970
85.6814 971
85.7719 972
85.8624 973
85.953 974
86.0435 975
86.1341 976
86.2246 977
86.3151 978
86.4057 979
86.4962 980
86.5868 981
86.6774 982
86.7679 983
86.8585 984
86.9491 985
87.0397 986
87.1303 987
87.2208 988
87.3114 989
87.402 990
87.4926 991
87.5832 992
87.6738 993
87.7645 994
87.8551 995
87.9457 996
88.0363 997
88.127 998
88.2176 999
88.3082 1000
88.3989 1001
88.4895 1002
88.5802 1003
88.6708 1004
88.7615 1005
88.8521 1006
88.9428 1007
89.0334 1008
89.1241 1009
89.2148 1010
89.3054 1011
89.3961 1012
89.4868 1013
89.5775 1014
89.6682 1015
89.7588 1016
89.8495 1017
89.9402 1018
90.0309 1019
90.1216 1020
90.2123 1021
90.303 1022
90.3937 1023
90.4844 1024
90.5751 1025
90.6658 1026
90.7566 1027
90.8473 1028
90.938 1029
91.0288 1030
91.1195 1031
91.2103 1032
91.301 1033
91.3918 1034
91.4825 1035
91.5733 1036
91.664 1037
91.7548 1038
91.8456 1039
91.9363 1040
92.0271 1041
92.1179 1042
92.2086 1043
92.2994 1044
92.3902 1045
92.481 1046
92.5718 1047
92.6626 1048
92.7533 1049
92.8441 1050
92.9349 1051
93.0257 1052
93.1165 1053
93.2074 1054
93.2982 1055
93.389 1056
93.4799 1057
93.5707 1058
93.6615 1059
93.7524 1060
93.8432 1061
93.934 1062
94.0249 1063
94.1157 1064
94.2066 1065
94.2974 1066
94.3883 1067
94.4791 1068
94.57 1069
94.6609 1070
94.7517 1071
94.8426 1072
94.9335 1073
95.0244 1074
95.1152 1075
95.2061 1076
95.297 1077
95.3879 1078
95.4788 1079
95.5696 1080
95.6605 1081
95.7514 1082
95.8424 1083
95.9333 1084
96.0242 1085
96.1151 1086
96.206 1087
96.2969 1088
96.3879 1089
96.4788 1090
96.5697 1091
96.6607 1092
96.7516 1093
96.8425 1094
96.9335 1095
97.0244 1096
97.1154 1097
97.2063 1098
97.2973 1099
97.3882 1100
97.4792 1101
97.5702 1102
97.6611 1103
97.7521 1104
97.8431 1105
97.9341 1106
98.025 1107
98.116 1108
98.207 1109
98.298 1110
98.389 1111
98.48 1112
98.571 1113
98.662 1114
98.7531 1115
98.8441 1116
98.9351 1117
99.0262 1118
99.1172 1119
99.2082 1120
99.2993 1121
99.3903 1122
99.4814 1123
99.5724 1124
99.6635 1125
99.7545 1126
99.8456 1127
99.9367 1128
100.028 1129
100.119 1130
100.21 1131
100.301 1132
100.392 1133
100.483 1134
100.574 1135
100.665 1136
100.756 1137
100.848 1138
100.939 1139
101.03 1140
101.121 1141
101.212 1142
101.303 1143
101.394 1144
101.485 1145
101.576 1146
101.668 1147
101.759 1148
101.85 1149
101.941 1150
102.032 1151
102.123 1152
102.214 1153
102.306 1154
102.397 1155
102.488 1156
102.579 1157
102.67 1158
102.761 1159
102.853 1160
102.944 1161
103.035 1162
103.126 1163
103.217 1164
103.308 1165
103.4 1166
103.491 1167
103.582 1168
103.673 1169
103.764 1170
103.856 1171
103.947 1172
104.038 1173
104.129 1174
104.22 1175
104.312 1176
104.403 1177
104.494 1178
104.585 1179
104.677 1180
104.768 1181
104.859 1182
104.95 1183
105.042 1184
105.133 1185
105.224 1186
105.315 1187
105.407 1188
105.498 1189
105.589 1190
105.68 1191
105.772 1192
105.863 1193
105.954 1194
106.046 1195
106.137 1196
106.228 1197
106.319 1198
106.411 1199
106.502 1200
106.593 1201
106.685 1202
106.776 1203
106.867 1204
106.959 1205
107.05 1206
107.141 1207
107.232 1208
107.324 1209
107.415 1210
107.506 1211
107.598 1212
107.689 1213
107.78 1214
107.872 1215
107.963 1216
108.054 1217
108.146 1218
108.237 1219
108.328 1220
108.42 1221
108.511 1222
108.603 1223
108.694 1224
108.785 1225
108.877 1226
108.968 1227
109.059 1228
109.151 1229
109.242 1230
109.334 1231
109.425 1232
109.516 1233
109.608 1234
109.699 1235
109.791 1236
109.882 1237
109.973 1238
110.065 1239
110.156 1240
110.248 1241
110.339 1242
110.431 1243
110.522 1244
110.613 1245
110.705 1246
110.796 1247
110.888 1248
110.979 1249
111.071 1250
111.162 1251
111.254 1252
111.345 1253
111.437 1254
111.528 1255
111.619 1256
111.711 1257
111.802 1258
111.894 1259
111.985 1260
112.077 1261
112.168 1262
112.26 1263
112.351 1264
112.443 1265
112.534 1266
112.626 1267
112.717 1268
112.809 1269
112.9 1270
112.992 1271
113.083 1272
113.175 1273
113.266 1274
113.358 1275
113.45 1276
113.541 1277
113.633 1278
113.724 1279
113.816 1280
113.907 1281
113.999 1282
114.09 1283
114.182 1284
114.274 1285
114.365 1286
114.457 1287
114.548 1288
114.64 1289
114.731 1290
114.823 1291
114.915 1292
115.006 1293
115.098 1294
115.19 1295
115.281 1296
115.373 1297
115.464 1298
115.556 1299
115.648 1300
115.739 1301
115.831 1302
115.923 1303
116.014 1304
116.106 1305
116.197 1306
116.289 1307
116.381 1308
116.472 1309
116.564 1310
116.656 1311
116.747 1312
116.839 1313
116.931 1314
117.022 1315
117.114 1316
117.206 1317
117.297 1318
117.389 1319
117.481 1320
117.573 1321
117.664 1322
117.756 1323
117.848 1324
117.939 1325
118.031 1326
118.123 1327
118.215 1328
118.306 1329
118.398 1330
118.49 1331
118.582 1332
118.673 1333
118.765 1334
118.857 1335
118.949 1336
119.04 1337
119.132 1338
119.224 1339
119.316 1340
119.408 1341
119.499 1342
119.591 1343
119.683 1344
119.775 1345
119.867 1346
119.958 1347
120.05 1348
120.142 1349
120.234 1350
120.326 1351
120.418 1352
120.509 1353
120.601 1354
120.693 1355
120.785 1356
120.877 1357
120.969 1358
121.06 1359
121.152 1360
121.244 1361
121.336 1362
121.428 1363
121.52 1364
121.612 1365
121.704 1366
121.795 1367
121.887 1368
121.979 1369
122.071 1370
122.163 1371
122.255 1372
122.347 1373
122.439 1374
122.531 1375
122.623 1376
122.714 1377
122.806 1378
122.898 1379
122.99 1380
123.082 1381
123.174 1382
123.266 1383
123.358 1384
123.45 1385
123.542 1386
123.634 1387
123.726 1388
123.818 1389
123.91 1390
124.002 1391
124.093 1392
124.185 1393
124.277 1394
124.369 1395
124.461 1396
124.553 1397
124.645 1398
124.737 1399
124.829 1400
124.921 1401
125.013 1402
125.105 1403
125.197 1404
125.289 1405
125.381 1406
125.473 1407
125.565 1408
125.657 1409
125.749 1410
125.842 1411
125.934 1412
126.026 1413
126.118 1414
126.21 1415
126.302 1416
126.394 1417
126.486 1418
126.578 1419
126.67 1420
126.762 1421
126.854 1422
126.946 1423
127.038 1424
127.13 1425
127.222 1426
127.315 1427
127.407 1428
127.499 1429
127.591 1430
127.683 1431
127.775 1432
127.867 1433
127.959 1434
128.051 1435
128.144 1436
128.236 1437
128.328 1438
128.42 1439
128.512 1440
128.604 1441
128.697 1442
128.789 1443
128.881 1444
128.973 1445
129.065 1446
129.157 1447
129.25 1448
129.342 1449
129.434 1450
129.526 1451
129.618 1452
129.711 1453
129.803 1454
129.895 1455
129.987 1456
130.08 1457
130.172 1458
130.264 1459
130.356 1460
130.448 1461
130.541 1462
130.633 1463
130.725 1464
130.817 1465
130.91 1466
131.002 1467
131.094 1468
131.186 1469
131.279 1470
131.371 1471
131.463 1472
131.556 1473
131.648 1474
131.74 1475
131.832 1476
131.925 1477
132.017 1478
132.109 1479
132.202 1480
132.294 1481
132.386 1482
132.478 1483
132.571 1484
132.663 1485
132.755 1486
132.848 1487
132.94 1488
133.032 1489
133.125 1490
133.217 1491
133.309 1492
133.401 1493
133.494 1494
133.586 1495
133.678 1496
133.771 1497
133.863 1498
133.955 1499
134.048 1500
134.14 1501
134.232 1502
134.325 1503
134.417 1504
134.509 1505
134.602 1506
134.694 1507
134.787 1508
134.879 1509
134.971 1510
135.064 1511
135.156 1512
135.248 1513
135.341 1514
135.433 1515
135.526 1516
135.618 1517
135.71 1518
135.803 1519
135.895 1520
135.988 1521
136.08 1522
136.173 1523
136.265 1524
136.357 1525
136.45 1526
136.542 1527
136.635 1528
136.727 1529
136.82 1530
136.912 1531
137.004 1532
137.097 1533
137.189 1534
137.282 1535
137.374 1536
137.467 1537
137.559 1538
137.652 1539
137.744 1540
137.837 1541
137.929 1542
138.022 1543
138.114 1544
138.207 1545
138.299 1546
138.392 1547
138.484 1548
138.577 1549
138.669 1550
138.762 1551
138.854 1552
138.947 1553
139.039 1554
139.132 1555
139.224 1556
139.317 1557
139.409 1558
139.502 1559
139.594 1560
139.687 1561
139.779 1562
139.872 1563
139.965 1564
140.057 1565
140.15 1566
140.242 1567
140.335 1568
140.427 1569
140.52 1570
140.613 1571
140.705 1572
140.798 1573
140.89 1574
140.983 1575
141.075 1576
141.168 1577
141.261 1578
141.353 1579
141.446 1580
141.538 1581
141.631 1582
141.724 1583
141.816 1584
141.909 1585
142.001 1586
142.094 1587
142.187 1588
142.279 1589
142.372 1590
142.465 1591
142.557 1592
142.65 1593
142.743 1594
142.835 1595
142.928 1596
143.02 1597
143.113 1598
143.206 1599
143.298 1600
143.391 1601
143.484 1602
143.576 1603
143.669 1604
143.762 1605
143.854 1606
143.947 1607
144.04 1608
144.133 1609
144.225 1610
144.318 1611
144.411 1612
144.503 1613
144.596 1614
144.689 1615
144.781 1616
144.874 1617
144.967 1618
145.06 1619
145.152 1620
145.245 1621
145.338 1622
145.43 1623
145.523 1624
145.616 1625
145.709 1626
145.801 1627
145.894 1628
145.987 1629
146.08 1630
146.172 1631
146.265 1632
146.358 1633
146.451 1634
146.543 1635
146.636 1636
146.729 1637
146.822 1638
146.914 1639
147.007 1640
147.1 1641
147.193 1642
147.286 1643
147.378 1644
147.471 1645
147.564 1646
147.657 1647
147.749 1648
147.842 1649
147.935 1650
148.028 1651
148.121 1652
148.214 1653
148.306 1654
148.399 1655
148.492 1656
148.585 1657
148.678 1658
148.77 1659
148.863 1660
148.956 1661
149.049 1662
149.142 1663
149.235 1664
149.327 1665
149.42 1666
149.513 1667
149.606 1668
149.699 1669
149.792 1670
149.885 1671
149.977 1672
150.07 1673
150.163 1674
150.256 1675
150.349 1676
150.442 1677
150.535 1678
150.627 1679
150.72 1680
150.813 1681
150.906 1682
150.999 1683
151.092 1684
151.185 1685
151.278 1686
151.371 1687
151.464 1688
151.556 1689
151.649 1690
151.742 1691
151.835 1692
151.928 1693
152.021 1694
152.114 1695
152.207 1696
152.3 1697
152.393 1698
152.486 1699
152.579 1700
152.672 1701
152.765 1702
152.858 1703
152.951 1704
153.043 1705
153.136 1706
153.229 1707
153.322 1708
153.415 1709
153.508 1710
153.601 1711
153.694 1712
153.787 1713
153.88 1714
153.973 1715
154.066 1716
154.159 1717
154.252 1718
154.345 1719
154.438 1720
154.531 1721
154.624 1722
154.717 1723
154.81 1724
154.903 1725
154.996 1726
155.089 1727
155.182 1728
155.275 1729
155.368 1730
155.461 1731
155.554 1732
155.647 1733
155.74 1734
155.833 1735
155.927 1736
156.02 1737
156.113 1738
156.206 1739
156.299 1740
156.392 1741
156.485 1742
156.578 1743
156.671 1744
156.764 1745
156.857 1746
156.95 1747
157.043 1748
157.136 1749
157.23 1750
157.323 1751
157.416 1752
157.509 1753
157.602 1754
157.695 1755
157.788 1756
157.881 1757
157.974 1758
158.068 1759
158.161 1760
158.254 1761
158.347 1762
158.44 1763
158.533 1764
158.626 1765
158.719 1766
158.813 1767
158.906 1768
158.999 1769
159.092 1770
159.185 1771
159.279 1772
159.372 1773
159.465 1774
159.558 1775
159.651 1776
159.744 1777
159.838 1778
159.931 1779
160.024 1780
160.117 1781
160.211 1782
160.304 1783
160.397 1784
160.49 1785
160.583 1786
160.677 1787
160.77 1788
160.863 1789
160.956 1790
161.05 1791
161.143 1792
161.236 1793
161.329 1794
161.423 1795
161.516 1796
161.609 1797
161.702 1798
161.796 1799
161.889 1800
161.982 1801
162.075 1802
162.169 1803
162.262 1804
162.355 1805
162.448 1806
162.542 1807
162.635 1808
162.728 1809
162.822 1810
162.915 1811
163.008 1812
163.102 1813
163.195 1814
163.288 1815
163.382 1816
163.475 1817
163.568 1818
163.662 1819
163.755 1820
163.848 1821
163.942 1822
164.035 1823
164.128 1824
164.222 1825
164.315 1826
164.408 1827
164.502 1828
164.595 1829
164.688 1830
164.782 1831
164.875 1832
164.969 1833
165.062 1834
165.155 1835
165.249 1836
165.342 1837
165.436 1838
165.529 1839
165.623 1840
165.716 1841
165.809 1842
165.903 1843
165.996 1844
166.09 1845
166.183 1846
166.277 1847
166.37 1848
166.463 1849
166.557 1850
166.65 1851
166.744 1852
166.837 1853
166.931 1854
167.024 1855
167.118 1856
167.211 1857
167.305 1858
167.398 1859
167.492 1860
167.585 1861
167.679 1862
167.772 1863
167.866 1864
167.959 1865
168.053 1866
168.146 1867
168.24 1868
168.333 1869
168.427 1870
168.52 1871
168.614 1872
168.707 1873
168.801 1874
168.894 1875
168.988 1876
169.081 1877
169.175 1878
169.269 1879
169.362 1880
169.456 1881
169.549 1882
169.643 1883
169.736 1884
169.83 1885
169.924 1886
170.017 1887
170.111 1888
170.204 1889
170.298 1890
170.392 1891
170.485 1892
170.579 1893
170.673 1894
170.766 1895
170.86 1896
170.954 1897
171.047 1898
171.141 1899
171.235 1900
171.328 1901
171.422 1902
171.516 1903
171.609 1904
171.703 1905
171.797 1906
171.89 1907
171.984 1908
172.078 1909
172.171 1910
172.265 1911
172.359 1912
172.453 1913
172.546 1914
172.64 1915
172.734 1916
172.828 1917
172.921 1918
173.015 1919
173.109 1920
173.203 1921
173.296 1922
173.39 1923
173.484 1924
173.578 1925
173.671 1926
173.765 1927
173.859 1928
173.953 1929
174.046 1930
174.14 1931
174.234 1932
174.328 1933
174.422 1934
174.515 1935
174.609 1936
174.703 1937
174.797 1938
174.891 1939
174.984 1940
175.078 1941
175.172 1942
175.266 1943
175.36 1944
175.454 1945
175.548 1946
175.641 1947
175.735 1948
175.829 1949
175.923 1950
176.017 1951
176.111 1952
176.205 1953
176.299 1954
176.393 1955
176.487 1956
176.58 1957
176.674 1958
176.768 1959
176.862 1960
176.956 1961
177.05 1962
177.144 1963
177.238 1964
177.332 1965
177.426 1966
177.52 1967
177.614 1968
177.708 1969
177.802 1970
177.896 1971
177.99 1972
178.084 1973
178.178 1974
178.271 1975
178.365 1976
178.459 1977
178.553 1978
178.647 1979
178.741 1980
178.835 1981
178.929 1982
179.023 1983
179.117 1984
179.211 1985
179.305 1986
179.399 1987
179.493 1988
179.587 1989
179.681 1990
179.775 1991
179.869 1992
179.964 1993
180.058 1994
180.152 1995
180.246 1996
180.34 1997
180.434 1998
180.528 1999
180.622 2000
180.716 2001
180.81 2002
180.904 2003
180.998 2004
181.092 2005
181.186 2006
181.28 2007
181.374 2008
181.469 2009
181.563 2010
181.657 2011
181.751 2012
181.845 2013
181.939 2014
182.033 2015
182.127 2016
182.221 2017
182.316 2018
182.41 2019
182.504 2020
182.598 2021
182.692 2022
182.786 2023
182.88 2024
182.974 2025
183.069 2026
183.163 2027
183.257 2028
183.351 2029
183.445 2030
183.539 2031
183.634 2032
183.728 2033
183.822 2034
183.916 2035
184.01 2036
184.105 2037
184.199 2038
184.293 2039
184.387 2040
184.481 2041
184.576 2042
184.67 2043
184.764 2044
184.858 2045
184.953 2046
185.047 2047
185.141 2048
185.235 2049
185.329 2050
185.424 2051
185.518 2052
185.612 2053
185.706 2054
185.801 2055
185.895 2056
185.989 2057
186.084 2058
186.178 2059
186.272 2060
186.366 2061
186.461 2062
186.555 2063
186.649 2064
186.743 2065
186.838 2066
186.932 2067
187.026 2068
187.121 2069
187.215 2070
187.309 2071
187.404 2072
187.498 2073
187.592 2074
187.687 2075
187.781 2076
187.875 2077
187.97 2078
188.064 2079
188.158 2080
188.253 2081
188.347 2082
188.441 2083
188.536 2084
188.63 2085
188.725 2086
188.819 2087
188.913 2088
189.008 2089
189.102 2090
189.197 2091
189.291 2092
189.385 2093
189.48 2094
189.574 2095
189.669 2096
189.763 2097
189.857 2098
189.952 2099
190.046 2100
190.141 2101
190.235 2102
190.33 2103
190.424 2104
190.518 2105
190.613 2106
190.707 2107
190.802 2108
190.896 2109
190.991 2110
191.085 2111
191.18 2112
191.274 2113
191.369 2114
191.463 2115
191.558 2116
191.652 2117
191.746 2118
191.841 2119
191.935 2120
192.03 2121
192.124 2122
192.219 2123
192.313 2124
192.408 2125
192.502 2126
192.597 2127
192.691 2128
192.786 2129
192.88 2130
192.975 2131
193.069 2132
193.164 2133
193.259 2134
193.353 2135
193.448 2136
193.542 2137
193.637 2138
193.731 2139
193.826 2140
193.92 2141
194.015 2142
194.11 2143
194.204 2144
194.299 2145
194.393 2146
194.488 2147
194.583 2148
194.677 2149
194.772 2150
194.866 2151
194.961 2152
195.056 2153
195.15 2154
195.245 2155
195.34 2156
195.434 2157
195.529 2158
195.624 2159
195.718 2160
195.813 2161
195.908 2162
196.002 2163
196.097 2164
196.192 2165
196.287 2166
196.381 2167
196.476 2168
196.571 2169
196.665 2170
196.76 2171
196.855 2172
196.95 2173
197.044 2174
197.139 2175
197.234 2176
197.328 2177
197.423 2178
197.518 2179
197.613 2180
197.707 2181
197.802 2182
197.897 2183
197.992 2184
198.086 2185
198.181 2186
198.276 2187
198.371 2188
198.466 2189
198.56 2190
198.655 2191
198.75 2192
198.845 2193
198.94 2194
199.034 2195
199.129 2196
199.224 2197
199.319 2198
199.414 2199
199.509 2200
199.603 2201
199.698 2202
199.793 2203
199.888 2204
199.983 2205
200.078 2206
200.173 2207
200.268 2208
200.362 2209
200.457 2210
200.552 2211
200.647 2212
200.742 2213
200.837 2214
200.932 2215
201.027 2216
201.122 2217
201.217 2218
201.312 2219
201.407 2220
201.502 2221
201.597 2222
201.692 2223
201.787 2224
201.882 2225
201.977 2226
202.072 2227
202.167 2228
202.262 2229
202.357 2230
202.452 2231
202.547 2232
202.642 2233
202.737 2234
202.832 2235
202.927 2236
203.022 2237
203.117 2238
203.212 2239
203.307 2240
203.402 2241
203.497 2242
203.592 2243
203.688 2244
203.783 2245
203.878 2246
203.973 2247
204.068 2248
204.163 2249
204.258 2250
204.353 2251
204.448 2252
204.544 2253
204.639 2254
204.734 2255
204.829 2256
204.924 2257
205.019 2258
205.114 2259
205.209 2260
205.305 2261
205.4 2262
205.495 2263
205.59 2264
205.685 2265
205.78 2266
205.876 2267
205.971 2268
206.066 2269
206.161 2270
206.256 2271
206.352 2272
206.447 2273
206.542 2274
206.637 2275
206.733 2276
206.828 2277
206.923 2278
207.018 2279
207.114 2280
207.209 2281
207.304 2282
207.399 2283
207.495 2284
207.59 2285
207.685 2286
207.781 2287
207.876 2288
207.971 2289
208.067 2290
208.162 2291
208.257 2292
208.353 2293
208.448 2294
208.543 2295
208.639 2296
208.734 2297
208.829 2298
208.925 2299
209.02 2300
209.115 2301
209.211 2302
209.306 2303
209.401 2304
209.497 2305
209.592 2306
209.688 2307
209.783 2308
209.878 2309
209.974 2310
210.069 2311
210.165 2312
210.26 2313
210.356 2314
210.451 2315
210.547 2316
210.642 2317
210.737 2318
210.833 2319
210.928 2320
211.024 2321
211.119 2322
211.215 2323
211.31 2324
211.406 2325
211.501 2326
211.597 2327
211.692 2328
211.788 2329
211.883 2330
211.979 2331
212.075 2332
212.17 2333
212.266 2334
212.361 2335
212.457 2336
212.552 2337
212.648 2338
212.743 2339
212.839 2340
212.934 2341
213.03 2342
213.126 2343
213.221 2344
213.317 2345
213.412 2346
213.508 2347
213.604 2348
213.699 2349
213.795 2350
213.89 2351
213.986 2352
214.082 2353
214.177 2354
214.273 2355
214.369 2356
214.464 2357
214.56 2358
214.655 2359
214.751 2360
214.847 2361
214.942 2362
215.038 2363
215.134 2364
215.23 2365
215.325 2366
215.421 2367
215.517 2368
215.612 2369
215.708 2370
215.804 2371
215.9 2372
215.995 2373
216.091 2374
216.187 2375
216.282 2376
216.378 2377
216.474 2378
216.57 2379
216.665 2380
216.761 2381
216.857 2382
216.953 2383
217.048 2384
217.144 2385
217.24 2386
217.336 2387
217.431 2388
217.527 2389
217.623 2390
217.719 2391
217.814 2392
217.91 2393
218.006 2394
218.102 2395
218.198 2396
218.293 2397
218.389 2398
218.485 2399
218.581 2400
218.677 2401
218.773 2402
218.869 2403
218.964 2404
219.06 2405
219.156 2406
219.252 2407
219.348 2408
219.444 2409
219.54 2410
219.636 2411
219.732 2412
219.828 2413
219.923 2414
220.019 2415
220.115 2416
220.211 2417
220.307 2418
220.403 2419
220.499 2420
220.595 2421
220.691 2422
220.787 2423
220.883 2424
220.979 2425
221.075 2426
221.171 2427
221.267 2428
221.363 2429
221.459 2430
221.555 2431
221.651 2432
221.747 2433
221.843 2434
221.939 2435
222.035 2436
222.131 2437
222.227 2438
222.323 2439
222.419 2440
222.515 2441
222.611 2442
222.707 2443
222.803 2444
222.899 2445
222.995 2446
223.091 2447
223.188 2448
223.284 2449
223.38 2450
223.476 2451
223.572 2452
223.668 2453
223.764 2454
223.86 2455
223.956 2456
224.052 2457
224.149 2458
224.245 2459
224.341 2460
224.437 2461
224.533 2462
224.629 2463
224.725 2464
224.822 2465
224.918 2466
225.014 2467
225.11 2468
225.206 2469
225.303 2470
225.399 2471
225.495 2472
225.591 2473
225.687 2474
225.784 2475
225.88 2476
225.976 2477
226.072 2478
226.169 2479
226.265 2480
226.361 2481
226.457 2482
226.554 2483
226.65 2484
226.746 2485
226.843 2486
226.939 2487
227.035 2488
227.131 2489
227.228 2490
227.324 2491
227.42 2492
227.517 2493
227.613 2494
227.709 2495
227.806 2496
227.902 2497
227.998 2498
228.095 2499
228.191 2500
228.288 2501
228.384 2502
228.48 2503
228.577 2504
228.673 2505
228.769 2506
228.866 2507
228.962 2508
229.059 2509
229.155 2510
229.252 2511
229.348 2512
229.444 2513
229.541 2514
229.637 2515
229.734 2516
229.83 2517
229.927 2518
230.023 2519
230.12 2520
230.216 2521
230.313 2522
230.409 2523
230.506 2524
230.602 2525
230.699 2526
230.795 2527
230.892 2528
230.988 2529
231.085 2530
231.181 2531
231.278 2532
231.374 2533
231.471 2534
231.567 2535
231.664 2536
231.761 2537
231.857 2538
231.954 2539
232.05 2540
232.147 2541
232.244 2542
232.34 2543
232.437 2544
232.534 2545
232.63 2546
232.727 2547
232.823 2548
232.92 2549
233.017 2550
233.114 2551
233.21 2552
233.307 2553
233.404 2554
233.5 2555
233.597 2556
233.694 2557
233.79 2558
233.887 2559
233.984 2560
234.081 2561
234.177 2562
234.274 2563
234.371 2564
234.468 2565
234.564 2566
234.661 2567
234.758 2568
234.855 2569
234.952 2570
235.048 2571
235.145 2572
235.242 2573
235.339 2574
235.436 2575
235.533 2576
235.629 2577
235.726 2578
235.823 2579
235.92 2580
236.017 2581
236.114 2582
236.211 2583
236.307 2584
236.404 2585
236.501 2586
236.598 2587
236.695 2588
236.792 2589
236.889 2590
236.986 2591
237.083 2592
237.18 2593
237.277 2594
237.374 2595
237.471 2596
237.568 2597
237.664 2598
237.761 2599
237.858 2600
237.955 2601
238.052 2602
238.149 2603
238.246 2604
238.343 2605
238.44 2606
238.537 2607
238.634 2608
238.731 2609
238.828 2610
238.925 2611
239.022 2612
239.119 2613
239.216 2614
239.314 2615
239.411 2616
239.508 2617
239.605 2618
239.702 2619
239.799 2620
239.896 2621
239.993 2622
240.09 2623
240.187 2624
240.284 2625
240.381 2626
240.479 2627
240.576 2628
240.673 2629
240.77 2630
240.867 2631
240.964 2632
241.061 2633
241.159 2634
241.256 2635
241.353 2636
241.45 2637
241.547 2638
241.645 2639
241.742 2640
241.839 2641
241.936 2642
242.034 2643
242.131 2644
242.228 2645
242.325 2646
242.423 2647
242.52 2648
242.617 2649
242.714 2650
242.812 2651
242.909 2652
243.007 2653
243.104 2654
243.201 2655
243.299 2656
243.396 2657
243.493 2658
243.591 2659
243.688 2660
243.786 2661
243.883 2662
243.98 2663
244.078 2664
244.175 2665
244.273 2666
244.37 2667
244.468 2668
244.565 2669
244.662 2670
244.76 2671
244.857 2672
244.955 2673
245.052 2674
245.15 2675
245.248 2676
245.345 2677
245.443 2678
245.54 2679
245.638 2680
245.735 2681
245.833 2682
245.931 2683
246.028 2684
246.126 2685
246.223 2686
246.321 2687
246.419 2688
246.516 2689
246.614 2690
246.711 2691
246.809 2692
246.907 2693
247.004 2694
247.102 2695
247.2 2696
247.297 2697
247.395 2698
247.493 2699
247.59 2700
247.688 2701
247.786 2702
247.884 2703
247.981 2704
248.079 2705
248.177 2706
248.275 2707
248.373 2708
248.47 2709
248.568 2710
248.666 2711
248.764 2712
248.862 2713
248.96 2714
249.057 2715
249.155 2716
249.253 2717
249.351 2718
249.449 2719
249.547 2720
249.645 2721
249.743 2722
249.841 2723
249.939 2724
250.037 2725
250.135 2726
250.233 2727
250.331 2728
250.429 2729
250.526 2730
250.624 2731
250.722 2732
250.82 2733
250.918 2734
251.016 2735
251.114 2736
251.212 2737
251.31 2738
251.408 2739
251.507 2740
251.605 2741
251.703 2742
251.801 2743
251.899 2744
251.997 2745
252.095 2746
252.193 2747
252.291 2748
252.389 2749
252.487 2750
252.586 2751
252.684 2752
252.782 2753
252.88 2754
252.978 2755
253.077 2756
253.175 2757
253.273 2758
253.371 2759
253.469 2760
253.568 2761
253.666 2762
253.764 2763
253.862 2764
253.961 2765
254.059 2766
254.157 2767
254.255 2768
254.354 2769
254.452 2770
254.55 2771
254.648 2772
254.747 2773
254.845 2774
254.943 2775
255.042 2776
255.14 2777
255.238 2778
255.336 2779
255.435 2780
255.533 2781
255.631 2782
255.73 2783
255.828 2784
255.927 2785
256.025 2786
256.123 2787
256.222 2788
256.32 2789
256.418 2790
256.517 2791
256.615 2792
256.714 2793
256.812 2794
256.91 2795
257.009 2796
257.107 2797
257.206 2798
257.304 2799
257.403 2800
257.501 2801
257.6 2802
257.698 2803
257.797 2804
257.895 2805
257.994 2806
258.092 2807
258.191 2808
258.289 2809
258.388 2810
258.487 2811
258.585 2812
258.684 2813
258.782 2814
258.881 2815
258.979 2816
259.078 2817
259.177 2818
259.275 2819
259.374 2820
259.473 2821
259.571 2822
259.67 2823
259.769 2824
259.867 2825
259.966 2826
260.065 2827
260.164 2828
260.262 2829
260.361 2830
260.46 2831
260.559 2832
260.658 2833
260.756 2834
260.855 2835
260.954 2836
261.053 2837
261.152 2838
261.251 2839
261.349 2840
261.448 2841
261.547 2842
261.646 2843
261.745 2844
261.844 2845
261.943 2846
262.042 2847
262.141 2848
262.24 2849
262.339 2850
262.437 2851
262.536 2852
262.635 2853
262.734 2854
262.833 2855
262.932 2856
263.031 2857
263.13 2858
263.23 2859
263.329 2860
263.428 2861
263.527 2862
263.626 2863
263.725 2864
263.824 2865
263.923 2866
264.022 2867
264.121 2868
264.22 2869
264.319 2870
264.418 2871
264.517 2872
264.617 2873
264.716 2874
264.815 2875
264.914 2876
265.013 2877
265.112 2878
265.212 2879
265.311 2880
265.41 2881
265.509 2882
265.608 2883
265.707 2884
265.807 2885
265.906 2886
266.005 2887
266.104 2888
266.204 2889
266.303 2890
266.402 2891
266.501 2892
266.601 2893
266.7 2894
266.799 2895
266.899 2896
266.998 2897
267.097 2898
267.197 2899
267.296 2900
267.395 2901
267.495 2902
267.594 2903
267.693 2904
267.793 2905
267.892 2906
267.992 2907
268.091 2908
268.191 2909
268.29 2910
268.39 2911
268.489 2912
268.589 2913
268.688 2914
268.788 2915
268.887 2916
268.987 2917
269.086 2918
269.186 2919
269.285 2920
269.385 2921
269.485 2922
269.584 2923
269.684 2924
269.784 2925
269.883 2926
269.983 2927
270.083 2928
270.182 2929
270.282 2930
270.382 2931
270.481 2932
270.581 2933
270.681 2934
270.781 2935
270.88 2936
270.98 2937
271.08 2938
271.18 2939
271.28 2940
271.379 2941
271.479 2942
271.579 2943
271.679 2944
271.779 2945
271.879 2946
271.979 2947
272.079 2948
272.179 2949
272.278 2950
272.378 2951
272.478 2952
272.578 2953
272.678 2954
272.778 2955
272.878 2956
272.978 2957
273.078 2958
273.178 2959
273.278 2960
273.378 2961
273.478 2962
273.578 2963
273.678 2964
273.778 2965
273.878 2966
273.978 2967
274.078 2968
274.178 2969
274.278 2970
274.378 2971
274.479 2972
274.579 2973
274.679 2974
274.779 2975
274.879 2976
274.979 2977
275.079 2978
275.179 2979
275.279 2980
275.38 2981
275.48 2982
275.58 2983
275.68 2984
275.78 2985
275.881 2986
275.981 2987
276.081 2988
276.181 2989
276.282 2990
276.382 2991
276.482 2992
276.582 2993
276.683 2994
276.783 2995
276.883 2996
276.984 2997
277.084 2998
277.184 2999
277.285 3000
277.385 3001
277.485 3002
277.586 3003
277.686 3004
277.787 3005
277.887 3006
277.987 3007
278.088 3008
278.188 3009
278.289 3010
278.389 3011
278.49 3012
278.59 3013
278.69 3014
278.791 3015
278.891 3016
278.992 3017
279.092 3018
279.193 3019
279.293 3020
279.394 3021
279.495 3022
279.595 3023
279.696 3024
279.796 3025
279.897 3026
279.997 3027
280.098 3028
280.199 3029
280.299 3030
280.4 3031
280.5 3032
280.601 3033
280.702 3034
280.802 3035
280.903 3036
281.004 3037
281.105 3038
281.205 3039
281.306 3040
281.407 3041
281.508 3042
281.608 3043
281.709 3044
281.81 3045
281.911 3046
282.012 3047
282.113 3048
282.214 3049
282.315 3050
282.416 3051
282.516 3052
282.617 3053
282.718 3054
282.819 3055
282.92 3056
283.021 3057
283.122 3058
283.223 3059
283.324 3060
283.425 3061
283.526 3062
283.627 3063
283.729 3064
283.83 3065
283.931 3066
284.032 3067
284.133 3068
284.234 3069
284.335 3070
284.437 3071
284.538 3072
284.639 3073
284.74 3074
284.841 3075
284.943 3076
285.044 3077
285.145 3078
285.246 3079
285.348 3080
285.449 3081
285.55 3082
285.652 3083
285.753 3084
285.854 3085
285.956 3086
286.057 3087
286.158 3088
286.26 3089
286.361 3090
286.463 3091
286.564 3092
286.666 3093
286.767 3094
286.868 3095
286.97 3096
287.071 3097
287.173 3098
287.274 3099
287.376 3100
287.477 3101
287.579 3102
287.68 3103
287.782 3104
287.884 3105
287.985 3106
288.087 3107
288.189 3108
288.291 3109
288.393 3110
288.494 3111
288.596 3112
288.698 3113
288.8 3114
288.902 3115
289.003 3116
289.105 3117
289.207 3118
289.309 3119
289.411 3120
289.513 3121
289.615 3122
289.717 3123
289.819 3124
289.921 3125
290.023 3126
290.125 3127
290.227 3128
290.329 3129
290.431 3130
290.533 3131
290.635 3132
290.737 3133
290.839 3134
290.942 3135
291.044 3136
291.146 3137
291.248 3138
291.35 3139
291.452 3140
291.554 3141
291.657 3142
291.759 3143
291.861 3144
291.963 3145
292.066 3146
292.168 3147
292.27 3148
292.372 3149
292.475 3150
292.577 3151
292.679 3152
292.782 3153
292.884 3154
292.986 3155
293.089 3156
293.191 3157
293.294 3158
293.396 3159
293.499 3160
293.601 3161
293.703 3162
293.806 3163
293.908 3164
294.011 3165
294.113 3166
294.216 3167
294.318 3168
294.421 3169
294.523 3170
294.626 3171
294.729 3172
294.831 3173
294.934 3174
295.036 3175
295.139 3176
295.242 3177
295.345 3178
295.447 3179
295.55 3180
295.653 3181
295.756 3182
295.859 3183
295.961 3184
296.064 3185
296.167 3186
296.27 3187
296.373 3188
296.476 3189
296.579 3190
296.682 3191
296.785 3192
296.888 3193
296.991 3194
297.094 3195
297.197 3196
297.3 3197
297.403 3198
297.506 3199
297.609 3200
297.712 3201
297.815 3202
297.918 3203
298.021 3204
298.125 3205
298.228 3206
298.331 3207
298.434 3208
298.537 3209
298.641 3210
298.744 3211
298.847 3212
298.95 3213
299.054 3214
299.157 3215
299.26 3216
299.364 3217
299.467 3218
299.57 3219
299.674 3220
299.777 3221
299.881 3222
299.984 3223
300.087 3224
300.191 3225
300.294 3226
300.398 3227
300.502 3228
300.605 3229
300.709 3230
300.812 3231
300.916 3232
301.02 3233
301.123 3234
301.227 3235
301.331 3236
301.435 3237
301.538 3238
301.642 3239
301.746 3240
301.85 3241
301.954 3242
302.058 3243
302.162 3244
302.266 3245
302.369 3246
302.473 3247
302.577 3248
302.681 3249
302.786 3250
302.89 3251
302.994 3252
303.098 3253
303.202 3254
303.306 3255
303.41 3256
303.514 3257
303.618 3258
303.722 3259
303.827 3260
303.931 3261
304.035 3262
304.139 3263
304.244 3264
304.348 3265
304.452 3266
304.556 3267
304.661 3268
304.765 3269
304.869 3270
304.974 3271
305.078 3272
305.182 3273
305.287 3274
305.391 3275
305.495 3276
305.6 3277
305.704 3278
305.809 3279
305.913 3280
306.018 3281
306.122 3282
306.227 3283
306.331 3284
306.435 3285
306.54 3286
306.645 3287
306.749 3288
306.854 3289
306.958 3290
307.063 3291
307.168 3292
307.272 3293
307.377 3294
307.482 3295
307.587 3296
307.691 3297
307.796 3298
307.901 3299
308.006 3300
308.111 3301
308.216 3302
308.32 3303
308.425 3304
308.53 3305
308.635 3306
308.74 3307
308.846 3308
308.951 3309
309.056 3310
309.161 3311
309.266 3312
309.371 3313
309.476 3314
309.581 3315
309.686 3316
309.791 3317
309.897 3318
310.002 3319
310.107 3320
310.212 3321
310.317 3322
310.422 3323
310.528 3324
310.633 3325
310.738 3326
310.844 3327
310.949 3328
311.054 3329
311.16 3330
311.265 3331
311.37 3332
311.476 3333
311.581 3334
311.687 3335
311.792 3336
311.898 3337
312.003 3338
312.109 3339
312.214 3340
312.32 3341
312.426 3342
312.531 3343
312.637 3344
312.743 3345
312.848 3346
312.954 3347
313.06 3348
313.165 3349
313.271 3350
313.377 3351
313.483 3352
313.589 3353
313.695 3354
313.801 3355
313.907 3356
314.014 3357
314.12 3358
314.226 3359
314.332 3360
314.438 3361
314.544 3362
314.651 3363
314.757 3364
314.863 3365
314.969 3366
315.076 3367
315.182 3368
315.289 3369
315.395 3370
315.501 3371
315.608 3372
315.714 3373
315.821 3374
315.927 3375
316.034 3376
316.14 3377
316.247 3378
316.354 3379
316.46 3380
316.567 3381
316.673 3382
316.78 3383
316.887 3384
316.993 3385
317.1 3386
317.207 3387
317.314 3388
317.421 3389
317.527 3390
317.634 3391
317.741 3392
317.848 3393
317.955 3394
318.062 3395
318.169 3396
318.276 3397
318.383 3398
318.49 3399
318.597 3400
318.704 3401
318.811 3402
318.918 3403
319.025 3404
319.133 3405
319.24 3406
319.347 3407
319.454 3408
319.562 3409
319.669 3410
319.776 3411
319.884 3412
319.991 3413
320.099 3414
320.206 3415
320.313 3416
320.421 3417
320.528 3418
320.636 3419
320.743 3420
320.851 3421
320.959 3422
321.067 3423
321.175 3424
321.282 3425
321.39 3426
321.498 3427
321.606 3428
321.714 3429
321.822 3430
321.93 3431
322.038 3432
322.146 3433
322.254 3434
322.362 3435
322.47 3436
322.578 3437
322.686 3438
322.794 3439
322.902 3440
323.01 3441
323.119 3442
323.227 3443
323.335 3444
323.444 3445
323.552 3446
323.66 3447
323.769 3448
323.877 3449
323.985 3450
324.094 3451
324.202 3452
324.311 3453
324.419 3454
324.528 3455
324.636 3456
324.745 3457
324.853 3458
324.962 3459
325.071 3460
325.179 3461
325.288 3462
325.397 3463
325.506 3464
325.615 3465
325.724 3466
325.833 3467
325.942 3468
326.051 3469
326.16 3470
326.269 3471
326.378 3472
326.487 3473
326.596 3474
326.705 3475
326.815 3476
326.924 3477
327.033 3478
327.143 3479
327.252 3480
327.361 3481
327.471 3482
327.58 3483
327.689 3484
327.799 3485
327.908 3486
328.018 3487
328.128 3488
328.237 3489
328.347 3490
328.456 3491
328.566 3492
328.676 3493
328.786 3494
328.895 3495
329.005 3496
329.115 3497
329.225 3498
329.334 3499
329.444 3500
329.554 3501
329.664 3502
329.774 3503
329.885 3504
329.995 3505
330.105 3506
330.215 3507
330.325 3508
330.435 3509
330.546 3510
330.656 3511
330.766 3512
330.877 3513
330.987 3514
331.097 3515
331.208 3516
331.318 3517
331.429 3518
331.539 3519
331.65 3520
331.76 3521
331.871 3522
331.982 3523
332.092 3524
332.203 3525
332.314 3526
332.425 3527
332.535 3528
332.646 3529
332.757 3530
332.868 3531
332.979 3532
333.09 3533
333.201 3534
333.312 3535
333.423 3536
333.534 3537
333.645 3538
333.756 3539
333.867 3540
333.978 3541
334.09 3542
334.201 3543
334.312 3544
334.423 3545
334.535 3546
334.646 3547
334.758 3548
334.87 3549
334.981 3550
335.093 3551
335.205 3552
335.317 3553
335.429 3554
335.541 3555
335.653 3556
335.765 3557
335.877 3558
335.989 3559
336.101 3560
336.213 3561
336.326 3562
336.438 3563
336.55 3564
336.662 3565
336.775 3566
336.887 3567
336.999 3568
337.112 3569
337.224 3570
337.337 3571
337.449 3572
337.562 3573
337.674 3574
337.787 3575
337.9 3576
338.012 3577
338.125 3578
338.238 3579
338.351 3580
338.464 3581
338.576 3582
338.689 3583
338.802 3584
338.915 3585
339.028 3586
339.141 3587
339.254 3588
339.367 3589
339.48 3590
339.594 3591
339.707 3592
339.82 3593
339.933 3594
340.046 3595
340.16 3596
340.273 3597
340.387 3598
340.5 3599
340.613 3600
340.727 3601
340.84 3602
340.954 3603
341.067 3604
341.181 3605
341.295 3606
341.408 3607
341.522 3608
341.635 3609
341.749 3610
341.863 3611
341.976 3612
342.09 3613
342.204 3614
342.318 3615
342.432 3616
342.546 3617
342.66 3618
342.774 3619
342.888 3620
343.002 3621
343.116 3622
343.231 3623
343.345 3624
343.46 3625
343.574 3626
343.689 3627
343.803 3628
343.918 3629
344.033 3630
344.148 3631
344.263 3632
344.378 3633
344.493 3634
344.608 3635
344.723 3636
344.838 3637
344.953 3638
345.069 3639
345.184 3640
345.299 3641
345.415 3642
345.53 3643
345.645 3644
345.761 3645
345.876 3646
345.992 3647
346.108 3648
346.223 3649
346.339 3650
346.455 3651
346.57 3652
346.686 3653
346.802 3654
346.918 3655
347.033 3656
347.149 3657
347.266 3658
347.382 3659
347.498 3660
347.614 3661
347.731 3662
347.847 3663
347.963 3664
348.08 3665
348.196 3666
348.313 3667
348.43 3668
348.546 3669
348.663 3670
348.78 3671
348.897 3672
349.014 3673
349.131 3674
349.249 3675
349.366 3676
349.484 3677
349.601 3678
349.719 3679
349.836 3680
349.954 3681
350.072 3682
350.189 3683
350.307 3684
350.425 3685
350.543 3686
350.66 3687
350.778 3688
350.896 3689
351.015 3690
351.133 3691
351.251 3692
351.369 3693
351.488 3694
351.606 3695
351.725 3696
351.843 3697
351.962 3698
352.081 3699
352.2 3700
352.318 3701
352.437 3702
352.556 3703
352.675 3704
352.794 3705
352.913 3706
353.032 3707
353.152 3708
353.271 3709
353.39 3710
353.509 3711
353.629 3712
353.748 3713
353.868 3714
353.987 3715
354.107 3716
354.227 3717
354.347 3718
354.467 3719
354.587 3720
354.707 3721
354.827 3722
354.947 3723
355.067 3724
355.187 3725
355.308 3726
355.428 3727
355.548 3728
355.669 3729
355.789 3730
355.909 3731
356.03 3732
356.15 3733
356.271 3734
356.392 3735
356.512 3736
356.633 3737
356.754 3738
356.875 3739
356.996 3740
357.117 3741
357.238 3742
357.36 3743
357.481 3744
357.603 3745
357.724 3746
357.846 3747
357.968 3748
358.09 3749
358.212 3750
358.334 3751
358.456 3752
358.578 3753
358.7 3754
358.822 3755
358.944 3756
359.066 3757
359.189 3758
359.311 3759
359.433 3760
359.555 3761
359.677 3762
359.8 3763
359.922 3764
360.044 3765
360.167 3766
360.289 3767
360.412 3768
360.535 3769
360.658 3770
360.781 3771
360.904 3772
361.027 3773
361.151 3774
361.274 3775
361.397 3776
361.521 3777
361.644 3778
361.768 3779
361.891 3780
362.015 3781
362.14 3782
362.264 3783
362.388 3784
362.513 3785
362.638 3786
362.762 3787
362.887 3788
363.012 3789
363.137 3790
363.262 3791
363.387 3792
363.512 3793
363.638 3794
363.763 3795
363.889 3796
364.015 3797
364.141 3798
364.267 3799
364.394 3800
364.521 3801
364.648 3802
364.775 3803
364.902 3804
365.03 3805
365.157 3806
365.285 3807
365.413 3808
365.541 3809
365.669 3810
365.797 3811
365.925 3812
366.053 3813
366.181 3814
366.31 3815
366.439 3816
366.567 3817
366.696 3818
366.825 3819
366.954 3820
367.084 3821
367.213 3822
367.343 3823
367.472 3824
367.602 3825
367.732 3826
367.862 3827
367.992 3828
368.122 3829
368.253 3830
368.383 3831
368.513 3832
368.644 3833
368.775 3834
368.905 3835
369.036 3836
369.167 3837
369.298 3838
369.43 3839
369.562 3840
369.694 3841
369.826 3842
369.958 3843
370.091 3844
370.223 3845
370.355 3846
370.488 3847
370.62 3848
370.753 3849
370.886 3850
371.019 3851
371.152 3852
371.285 3853
371.419 3854
371.552 3855
371.686 3856
371.82 3857
371.954 3858
372.088 3859
372.222 3860
372.356 3861
372.49 3862
372.624 3863
372.759 3864
372.894 3865
373.028 3866
373.163 3867
373.298 3868
373.433 3869
373.568 3870
373.704 3871
373.839 3872
373.975 3873
374.11 3874
374.246 3875
374.382 3876
374.518 3877
374.653 3878
374.79 3879
374.926 3880
375.063 3881
375.199 3882
375.336 3883
375.472 3884
375.609 3885
375.747 3886
375.885 3887
376.023 3888
376.161 3889
376.299 3890
376.438 3891
376.577 3892
376.716 3893
376.855 3894
376.994 3895
377.133 3896
377.272 3897
377.412 3898
377.551 3899
377.69 3900
377.83 3901
377.97 3902
378.11 3903
378.25 3904
378.39 3905
378.53 3906
378.671 3907
378.811 3908
378.952 3909
379.093 3910
379.233 3911
379.374 3912
379.516 3913
379.657 3914
379.798 3915
379.94 3916
380.082 3917
380.223 3918
380.365 3919
380.508 3920
380.651 3921
380.793 3922
380.936 3923
381.079 3924
381.222 3925
381.366 3926
381.509 3927
381.653 3928
381.796 3929
381.941 3930
382.085 3931
382.23 3932
382.375 3933
382.519 3934
382.664 3935
382.81 3936
382.955 3937
383.101 3938
383.247 3939
383.393 3940
383.54 3941
383.687 3942
383.834 3943
383.981 3944
384.129 3945
384.276 3946
384.424 3947
384.573 3948
384.721 3949
384.871 3950
385.022 3951
385.173 3952
385.324 3953
385.475 3954
385.627 3955
385.779 3956
385.931 3957
386.084 3958
386.236 3959
386.389 3960
386.542 3961
386.697 3962
386.851 3963
387.006 3964
387.161 3965
387.316 3966
387.472 3967
387.629 3968
387.786 3969
387.943 3970
388.1 3971
388.258 3972
388.415 3973
388.573 3974
388.731 3975
388.889 3976
389.048 3977
389.206 3978
389.365 3979
389.524 3980
389.683 3981
389.843 3982
390.002 3983
390.162 3984
390.323 3985
390.483 3986
390.644 3987
390.805 3988
390.966 3989
391.128 3990
391.289 3991
391.451 3992
391.614 3993
391.778 3994
391.942 3995
392.108 3996
392.273 3997
392.439 3998
392.605 3999
392.771 4000
392.938 4001
393.105 4002
393.272 4003
393.439 4004
393.608 4005
393.777 4006
393.947 4007
394.117 4008
394.287 4009
394.457 4010
394.628 4011
394.799 4012
394.971 4013
395.142 4014
395.315 4015
395.488 4016
395.661 4017
395.834 4018
396.009 4019
396.184 4020
396.359 4021
396.535 4022
396.711 4023
396.887 4024
397.064 4025
397.241 4026
397.418 4027
397.595 4028
397.773 4029
397.952 4030
398.131 4031
398.31 4032
398.489 4033
398.668 4034
398.847 4035
399.027 4036
399.207 4037
399.388 4038
399.569 4039
399.75 4040
399.931 4041
400.113 4042
400.295 4043
400.478 4044
400.662 4045
400.846 4046
401.03 4047
401.215 4048
401.4 4049
401.585 4050
401.77 4051
401.956 4052
402.144 4053
402.332 4054
402.521 4055
402.712 4056
402.902 4057
403.092 4058
403.283 4059
403.475 4060
403.667 4061
403.859 4062
404.052 4063
404.245 4064
404.439 4065
404.633 4066
404.828 4067
405.023 4068
405.218 4069
405.414 4070
405.61 4071
405.808 4072
406.005 4073
406.203 4074
406.401 4075
406.599 4076
406.797 4077
406.995 4078
407.195 4079
407.395 4080
407.594 4081
407.794 4082
407.994 4083
408.197 4084
408.4 4085
408.604 4086
408.807 4087
409.012 4088
409.217 4089
409.423 4090
409.629 4091
409.835 4092
410.042 4093
410.249 4094
410.456 4095
410.664 4096
410.872 4097
411.081 4098
411.29 4099
411.5 4100
411.709 4101
411.919 4102
412.129 4103
412.339 4104
412.55 4105
412.763 4106
412.975 4107
413.188 4108
413.402 4109
413.615 4110
413.829 4111
414.042 4112
414.256 4113
414.469 4114
414.684 4115
414.898 4116
415.112 4117
415.326 4118
415.541 4119
415.756 4120
415.97 4121
416.186 4122
416.401 4123
416.617 4124
416.834 4125
417.05 4126
417.267 4127
417.484 4128
417.701 4129
417.918 4130
418.136 4131
418.355 4132
418.575 4133
418.795 4134
419.015 4135
419.236 4136
419.459 4137
419.684 4138
419.911 4139
420.138 4140
420.366 4141
420.595 4142
420.824 4143
421.054 4144
421.285 4145
421.517 4146
421.753 4147
421.996 4148
422.243 4149
422.492 4150
422.741 4151
422.992 4152
423.242 4153
423.496 4154
423.754 4155
424.013 4156
424.272 4157
424.532 4158
424.794 4159
425.056 4160
425.318 4161
425.58 4162
425.843 4163
426.106 4164
426.369 4165
426.633 4166
426.897 4167
427.162 4168
427.429 4169
427.698 4170
427.967 4171
428.236 4172
428.508 4173
428.781 4174
429.055 4175
429.328 4176
429.604 4177
429.886 4178
430.167 4179
430.449 4180
430.732 4181
431.015 4182
431.301 4183
431.588 4184
431.874 4185
432.162 4186
432.451 4187
432.741 4188
433.033 4189
433.327 4190
433.622 4191
433.916 4192
434.212 4193
434.509 4194
434.807 4195
435.105 4196
435.405 4197
435.705 4198
436.004 4199
436.306 4200
436.61 4201
436.915 4202
437.22 4203
437.526 4204
437.832 4205
438.139 4206
438.45 4207
438.765 4208
439.081 4209
439.399 4210
439.719 4211
440.04 4212
440.363 4213
440.687 4214
441.012 4215
441.338 4216
441.667 4217
441.998 4218
442.33 4219
442.662 4220
442.996 4221
443.332 4222
443.668 4223
444.005 4224
444.342 4225
444.682 4226
445.021 4227
445.362 4228
445.703 4229
446.044 4230
446.385 4231
446.729 4232
447.074 4233
447.421 4234
447.769 4235
448.118 4236
448.471 4237
448.825 4238
449.185 4239
449.553 4240
449.926 4241
450.302 4242
450.68 4243
451.062 4244
451.445 4245
451.83 4246
452.218 4247
452.617 4248
453.02 4249
453.424 4250
453.832 4251
454.241 4252
454.67 4253
455.102 4254
455.54 4255
455.979 4256
456.47 4257
456.978 4258
457.498 4259
458.034 4260
458.571 4261
459.113 4262
459.655 4263
460.204 4264
460.76 4265
461.318 4266
461.876 4267
462.436 4268
462.998 4269
463.562 4270
464.129 4271
464.705 4272
465.28 4273
465.857 4274
466.437 4275
467.021 4276
467.608 4277
468.197 4278
468.801 4279
469.453 4280
470.109 4281
470.773 4282
471.445 4283
472.12 4284
472.828 4285
473.541 4286
474.269 4287
474.999 4288
475.733 4289
476.468 4290
477.205 4291
477.947 4292
478.767 4293
479.591 4294
480.42 4295
481.251 4296
482.083 4297
482.929 4298
483.794 4299
484.732 4300
485.675 4301
486.63 4302
487.587 4303
488.548 4304
489.519 4305
490.492 4306
491.469 4307
492.48 4308
493.492 4309
494.516 4310
495.633 4311
496.76 4312
497.89 4313
499.047 4314
500.21 4315
501.397 4316
502.826 4317
504.263 4318
505.771 4319
507.307 4320
508.865 4321
510.496 4322
512.236 4323
514.524 4324
516.83 4325
519.189 4326
521.576 4327
525.437 4328
529.308 4329
533.365 4330
537.816 4331
543.796 4332
549.831 4333
555.869 4334
565.209 4335
575.553 4336
587.5 4337
639.525 4338
