 0.1225494440000000
 0.0989648130000000
 0.0905764560000000
 0.0964211230000000
 0.0881624620000000
 0.0846653000000000
 0.0896882850000000
 0.0930794980000000
 0.0939496500000000
 0.0879474900000000
 0.0856279220000000
 0.0887572310000000
 0.0923048880000000
 0.0950713010000000
 0.0909716880000000
 0.1002575050000000
 0.0916522210000000
 0.1171198440000000
 0.0914383670000000
 0.1030306230000000
 0.0874088740000000
 0.0961414790000000
 0.0928603360000000
 0.0884485320000000
 0.0928187100000000
 0.0926597510000000
 0.0879717950000000
 0.0963373140000000
 0.0993101780000000
 0.1117422750000000
 0.1290966450000000
 0.0927182780000000
 0.0866849700000000
 0.0957512060000000
 0.0878841450000000
 0.1009113590000000
 0.0915783990000000
 0.1000440000000000
 0.0887458470000000
 0.0947329890000000
 0.0890328940000000
 0.0950352620000000
 0.0971461460000000
 0.0892741260000000
 0.1038550290000000
 0.0992048570000000
 0.0969259360000000
 0.1007931170000000
 0.0937533970000000
 0.0988057840000000
 0.1189068020000000
 0.0868284940000000
 0.0902828440000000
 0.0929907990000000
 0.0939202470000000
 1.1270850070000000
 0.0896278020000000
 0.6634460520000000
 0.1277704290000000
 0.6726516910000000
 1.1302441370000000
 0.0957637080000000
 0.0886720240000000
 0.0835084480000000
 0.0927795300000000
 0.0881845320000000
 0.0914191610000000
 0.1172560330000000
 0.1032204510000000
 0.0865527600000000
 0.0861618590000000
 0.0922105320000000
 0.0942011490000000
 0.0935969510000000
 0.1074139310000000
 0.0939898790000000
 0.0922713640000000
 0.0908848050000000
 0.0919516310000000
 0.1085957150000000
 0.0949467040000000
 0.0979583300000000
 0.0951162790000000
 0.0920179100000000
 0.0966964370000000
 0.1117707000000000
 0.0915952310000000
 0.0886901130000000
 0.0877446710000000
 0.0960803680000000
 0.0950826850000000
 0.1019435430000000
 0.0940245200000000
 0.0897468120000000
 0.0941879480000000
 0.0917319800000000
 0.0888654850000000
 0.0955925260000000
 0.0957002910000000
 0.0908297700000000
 0.0922805840000000
 0.0948198720000000
 11.9469144109999998
 0.0962027300000000
 0.0881638580000000
 0.1684540910000000
 0.0937113510000000
 0.1663347570000000
 0.1035599500000000
 0.1589156580000000
 0.0893236430000000
 0.1615900900000000
 0.1653817040000000
 0.1669497800000000
 0.1590616260000000
 0.1697824720000000
 0.1672475130000000
 0.1478829710000000
 0.1470023430000000
 0.0917127730000000
 0.0914497510000000
 0.0958952880000000
 0.0878323920000000
 0.1125532010000000
 0.0899941200000000
 0.0862741640000000
 0.0876960620000000
 0.0918499420000000
 0.0883978970000000
 0.0970109330000000
 0.0955133270000000
 0.0970798670000000
 0.0932969140000000
 0.1001188000000000
 0.0894769440000000
 0.0969681200000000
 0.0908632240000000
 0.0953201450000000
 0.0968745330000000
 0.0939321890000000
 0.0986122540000000
 0.0925116180000000
 0.0934415550000000
 0.0954918160000000
 0.0908053260000000
 0.0908185260000000
 0.0943244180000000
 0.0950877840000000
 0.0940720820000000
 0.0933832370000000
 0.0906764690000000
 0.0982040320000000
 0.0951662150000000
 0.0973555300000000
 0.0941063040000000
 0.0885840940000000
 0.0984956890000000
 0.0938279170000000
 0.0942731550000000
 0.0907905900000000
 0.0940361130000000
 0.0907630020000000
 0.0870162260000000
 0.0927467740000000
 0.1073912320000000
 0.1211024030000000
 0.0902953450000000
 0.0925877450000000
 0.0978826220000000
 0.0852399530000000
 0.0969614150000000
 0.1017810230000000
 0.0887491990000000
 0.0932260940000000
 0.0955052250000000
 0.0941954910000000
 0.0916217700000000
 0.0868205310000000
 0.0872696110000000
 0.0891254340000000
 0.0940860500000000
 0.0996493270000000
 0.0860248990000000
 0.0922004750000000
 0.8653500650000000
 0.0894032620000000
 0.0883032620000000
 0.0898098780000000
 0.0890000680000000
 0.0886484170000000
 0.0871661070000000
 0.0936673520000000
 0.0892597390000000
 0.0981896440000000
 0.0934400880000000
 0.0859415100000000
 0.3052708510000000
 0.2863806710000000
 0.2880896180000000
 0.2617064460000000
 0.1069742800000000
 0.1126289090000000
 0.1066779440000000
 0.1024310350000000
 0.1189519200000000
 0.1091340520000000
 0.1095839690000000
 0.1050329720000000
 0.1040600830000000
 0.1022261210000000
 0.1030813280000000
 0.1045683190000000
 0.1061631430000000
 0.1305705060000000
 0.1025363550000000
 0.1060384770000000
 0.1060645280000000
 0.1099976400000000
 0.1053444650000000
 0.1064856710000000
 0.0987153390000000
 0.0862695540000000
 0.0969306850000000
 0.1000625080000000
 0.1124003890000000
 0.0863708230000000
 0.1110416970000000
 0.0909006590000000
 0.0865433320000000
 0.0902507860000000
 2.3876837690000001
 0.0906062080000000
 0.0859046330000000
 0.1002807620000000
 0.0937365640000000
 0.0957093010000000
 0.0933282720000000
 0.0909118340000000
 0.0904870590000000
 0.0869764870000000
 0.0940537140000000
 0.0918943610000000
 0.1103115060000000
 0.0991716820000000
 0.0926233640000000
 0.0962044760000000
 0.0953278280000000
 0.0961576820000000
 0.0974489780000000
 0.1029034410000000
 0.1001528120000000
 0.1002903300000000
 0.0940766220000000
 0.0925007220000000
 0.0962412120000000
 0.1006421210000000
 0.1047438300000000
 0.1005772380000000
 0.0981181270000000
 0.1010737390000000
 0.0940143230000000
 0.1049337970000000
 0.0898965510000000
 0.1187553170000000
 0.1459329320000000
 0.1407388370000000
 0.0941137070000000
 0.0987224640000000
 0.0959741390000000
 0.0992068820000000
 0.0935260630000000
 0.0952829900000000
 0.1024697980000000
 0.1002617650000000
 0.0975488500000000
 0.0966579550000000
 0.1002327110000000
 0.1068339690000000
 0.1082101910000000
 0.0983758410000000
 0.1048806490000000
 0.1078472270000000
 0.0954013010000000
 0.1014432000000000
 0.0939430150000000
 0.1127491760000000
 0.1838422900000000
 0.0934032810000000
 0.0930307480000000
 0.0969244000000000
 0.0883633260000000
 0.0907549010000000
 0.0890944930000000
 0.0957454790000000
 0.0929298980000000
 0.0892518460000000
 0.0883051480000000
 0.0931946650000000
 0.0927684250000000
 0.0956164820000000
 0.1135330050000000
 0.0903090340000000
 0.0943830850000000
 0.0898208430000000
 0.0834469180000000
 0.0893969760000000
 0.0929893320000000
 0.0976383870000000
 0.0947336190000000
 0.0949628370000000
 0.0897014140000000
 0.0936949390000000
 0.0956083800000000
 0.0919217390000000
 0.1004406290000000
 0.0916256120000000
 0.0908579860000000
 0.0957208250000000
 0.0971085710000000
 0.0918090850000000
 0.0910425070000000
 0.0819952680000000
 0.0878891030000000
 0.0859325700000000
 0.0925807610000000
 0.0892211160000000
 0.0922613770000000
 0.0907421190000000
 0.0882930660000000
 0.0888179930000000
 0.0971143670000000
 0.0929210980000000
 0.0926653390000000
 0.0919188060000000
 0.0905943350000000
 0.0932564060000000
 0.0954180620000000
 0.0902098590000000
 0.0881123860000000
 0.0901683740000000
 0.0963087490000000
 0.0920197950000000
 0.0886195730000000
 0.0973827680000000
 0.0925864180000000
 0.0905700300000000
 0.0861816230000000
 0.0933722720000000
 0.1044828320000000
 0.9547029020000000
 0.0925360620000000
 0.0869056690000000
 1.5082398740000000
 1.7391119540000000
 0.0881628110000000
 0.0973814410000000
 0.1000878610000000
 0.1061123690000000
 0.0937596120000000
 1.0126245800000000
 1.5363746650000001
 1.4290513880000000
 0.0887767160000000
 0.0919463930000000
 0.1102954430000000
 0.0909055480000000
 0.0929720820000000
 0.0895476940000000
 0.0911293200000000
 0.0976163170000000
 0.0975884510000000
 0.0957398220000000
 0.0846380620000000
 0.0938663290000000
 0.0909400500000000
 0.0925583420000000
 0.0890741700000000
 0.0923349900000000
 0.0912730530000000
 0.0894650020000000
 0.0913336760000000
 0.9426714850000000
 0.0863125760000000
 0.0997603750000000
 1.5578932510000001
 1.1163030500000000
 0.0993316190000000
 0.0950866660000000
 0.0935123040000000
 0.0922783480000000
 0.0954978920000000
 0.0955469900000000
 1.1867082270000000
 1.6313619460000000
 0.0964049200000000
 0.0989192760000000
 0.0945134790000000
 0.0976236510000000
 0.0930214590000000
 0.1001821460000000
 0.0903742650000000
 0.1003916700000000
 0.0927182780000000
 0.0994531430000000
 0.1007790090000000
 0.1042317530000000
 0.0939678090000000
 0.0965138030000000
 0.0961013900000000
 0.1016826860000000
 0.0959048570000000
 0.0977370030000000
 0.0929190720000000
 0.0956083800000000
 0.0914741260000000
 0.0911995100000000
 0.0944720630000000
 0.0985297010000000
 0.0925768500000000
 0.0934091480000000
 0.1030941080000000
 0.0952820120000000
 0.1043131880000000
 0.0987304960000000
 0.1029253720000000
 0.1161923520000000
 0.0928035540000000
 0.0988249900000000
 0.1003060450000000
 0.1172028840000000
 0.1004380440000000
 0.1009275620000000
 0.1034390550000000
 0.0979877330000000
 0.1168923710000000
 0.1068496840000000
 0.0996602920000000
 0.1056499500000000
 0.0917680870000000
 0.0890932370000000
 0.0897561010000000
 0.0884289070000000
 0.0903578520000000
 0.0979480630000000
 0.0980779680000000
 0.0957564440000000
 0.0908841070000000
 0.0923777330000000
 0.0926971860000000
 0.0901148050000000
 0.0988739490000000
 0.0907643290000000
 0.1097420900000000
 0.0959946020000000
 0.0851788420000000
 0.0906418280000000
 0.0891693640000000
 0.0922535550000000
 0.0903913770000000
 0.0923999420000000
 0.1090593220000000
 0.0918902410000000
 0.0928598470000000
 0.0924260630000000
 0.0967697010000000
 0.0894672370000000
 0.0930772620000000
 0.0971360890000000
 0.0916574590000000
 0.0957270410000000
 0.0888645770000000
 0.0950279300000000
 0.0906028560000000
 0.0992557720000000
 0.1078452710000000
 0.0902615410000000
 0.0905429320000000
 0.0951706850000000
 0.1041973910000000
 0.0940375100000000
 0.0937950220000000
 0.0896749450000000
 0.1049169650000000
 0.0864109130000000
 0.0911585830000000
 0.0894712880000000
 0.0905013070000000
 0.0939228310000000
 0.0914891420000000
 0.0896940820000000
 0.0941077010000000
 0.0939611740000000
 0.0869986270000000
 0.0922386780000000
 0.0931927100000000
 0.0921865770000000
 0.0917451800000000
 0.1014646410000000
 0.0907284300000000
 0.0932635290000000
 0.0913733450000000
 0.0864882270000000
 0.0904280430000000
 0.0937139360000000
 0.0945578970000000
 0.0886028810000000
 0.0963132890000000
 0.0911453140000000
 0.0942748310000000
 0.0884446210000000
 0.0970309080000000
 0.0966866600000000
 0.0951709640000000
 0.0934509140000000
 0.0916803670000000
 0.0964130920000000
 0.1096465480000000
 0.0954155490000000
 0.0971071040000000
 0.0908432500000000
 0.0995164190000000
 0.0941939540000000
 0.0933760430000000
 0.0921426470000000
 0.0981902030000000
 0.0888080050000000
 0.0886673450000000
 0.0999252700000000
 0.0898897060000000
 0.0983754910000000
 0.0927189770000000
 0.0940122970000000
 0.0942797890000000
 0.0946336060000000
 0.0897197830000000
 0.1232380090000000
 0.0980585520000000
 0.0924192180000000
 0.0927814850000000
 0.1020955180000000
 0.0937870590000000
 0.1043471310000000
 0.1005404310000000
 0.0905257510000000
 0.1126179450000000
 0.0929532250000000
 0.1071009720000000
 0.0963463940000000
 0.1030643560000000
 0.1131367960000000
 0.0913739740000000
 0.1141228140000000
 0.1077716580000000
 0.1129297160000000
 0.0947166470000000
 0.0888574520000000
 0.0911129760000000
 0.0926876180000000
 0.1222139970000000
 0.0947740570000000
 0.0912110340000000
 0.0966750670000000
 0.0933150030000000
 0.0931241260000000
 0.0928617320000000
 0.1038654350000000
 0.0944026410000000
 0.0930503040000000
 0.0900963670000000
 0.0884752110000000
 0.1027039050000000
 0.0913047600000000
 0.0905847670000000
 0.0985068630000000
 0.1038386860000000
 0.0960995050000000
 0.0893311160000000
 0.0937361460000000
 0.0946704820000000
 0.1019175620000000
 0.0988163300000000
 0.1039264760000000
 0.0988289710000000
 0.0974568700000000
 0.0937245520000000
 0.0892945190000000
 0.1072252200000000
 0.0951788560000000
 0.0929227040000000
 0.0914814590000000
 0.0930959800000000
 0.0943831540000000
 0.0915649190000000
 0.0914858590000000
 0.0929292000000000
 0.1026678670000000
 0.0962664250000000
 0.0911210780000000
 0.0924670600000000
 0.0869219410000000
 0.0894434210000000
 0.0915376120000000
 0.0937369130000000
 0.0914914470000000
 0.0862589380000000
 0.0939919740000000
 0.0873308620000000
 0.0917145890000000
 0.0904841260000000
 0.1221586830000000
 0.1065826110000000
 0.0972014600000000
 0.1004926600000000
 0.1124143570000000
 0.1303271080000000
 0.0858564420000000
 0.0866316110000000
 0.0949780630000000
 0.0959823110000000
 0.0932163170000000
 0.0945072630000000
 0.0928526540000000
 0.0920901960000000
 0.1546688190000000
 0.1081229590000000
 0.1239800730000000
 0.0951095740000000
 0.0943665330000000
 0.1220086630000000
 0.0889328810000000
 0.1024716830000000
 0.0876011480000000
 0.1030079940000000
 0.0969183230000000
 0.0924641960000000
 0.0969278220000000
 0.1037173720000000
 0.1030783940000000
 0.0929108310000000
 0.0987378290000000
 0.0937375420000000
 0.0963810350000000
 0.1021192640000000
 0.1200698000000000
 0.1004663300000000
 0.0941419930000000
 0.1097286810000000
 0.1043712260000000
 0.1120136780000000
 0.1104946300000000
 0.1223079330000000
 0.0948627550000000
 0.1157083510000000
 0.0945527990000000
 0.0988810730000000
 0.1111741860000000
 0.0949638860000000
 0.0975834220000000
 0.1091157540000000
 0.0949274980000000
 0.1201073740000000
 0.1215783010000000
 0.1183388530000000
 0.1121060770000000
 0.1032309980000000
 0.1135107950000000
 0.1032624960000000
 0.1152052850000000
 0.0979269710000000
 0.1109556530000000
 0.0954492820000000
 0.1390369440000000
 0.1106851570000000
 0.1074090420000000
 0.0957005010000000
 0.1112660270000000
 0.1128316590000000
 0.1054779300000000
 0.0983830350000000
 0.1101877470000000
 0.1156362750000000
 0.1005340060000000
 0.1151397730000000
 0.0900003360000000
 0.0959168690000000
 0.0880501570000000
 0.1223441800000000
 0.1072014040000000
 0.1078753730000000
 0.0983797520000000
 0.0875945120000000
 0.0994516060000000
 0.0975502470000000
 0.0925058210000000
 0.1002252380000000
 0.1040483500000000
 0.1025461340000000
 0.0950494400000000
 0.0877036750000000
 0.0920042210000000
 0.1043962990000000
 0.0955164690000000
 0.0972324690000000
 0.0954376890000000
 0.0925489830000000
 0.1064587820000000
 0.1056485530000000
 0.0863173950000000
 0.0973081080000000
 0.1118538110000000
 0.0940961070000000
 0.0965087050000000
 0.1425997580000000
 0.1000827620000000
 0.0944461520000000
 0.1295246320000000
 0.1034473660000000
 0.0925769890000000
 0.1037722670000000
 0.1004251940000000
 0.1006338790000000
 0.1390903730000000
 0.1064766610000000
 0.1014385910000000
 0.1400358840000000
 0.1038300260000000
 0.1428898080000000
 0.1015571110000000
 0.0885780870000000
 0.0922554410000000
 0.0929206090000000
 0.0866161760000000
 0.0981902730000000
 0.0965825260000000
 0.0998029080000000
 0.1000796890000000
 0.0895530020000000
 0.1064008130000000
 0.0899811290000000
 0.0900545320000000
 0.1567343760000000
 0.0944441960000000
 0.0958183930000000
 0.0956416250000000
 0.0911659860000000
 0.0955429400000000
 0.0951681710000000
 0.0955416130000000
 0.0955978340000000
 0.1201197360000000
 0.0956168310000000
 0.0926991420000000
 0.1290383980000000
 0.0969204880000000
 0.0963687420000000
 0.0915223170000000
 0.1001285080000000
 0.0959545140000000
 0.0911656370000000
 0.0967965200000000
 0.0951366720000000
 0.0975195870000000
 0.0922805130000000
 0.1207507520000000
 0.0979801900000000
 0.1215896150000000
 0.0919588250000000
 0.1213929420000000
 0.0971093390000000
 0.1007334030000000
 0.1186166120000000
 0.0921752630000000
 0.1230046000000000
 0.1013350160000000
 0.1223144980000000
 0.1208240850000000
 0.1190842000000000
 0.0942217520000000
 0.1004228890000000
 0.1304471660000000
 0.0997009400000000
 0.1248034310000000
 0.1065159120000000
 0.1053005340000000
 0.1065480390000000
 0.0954830850000000
 0.0894036810000000
 0.1016474860000000
 0.0944833070000000
 0.1206013610000000
 0.3183296340000000
 0.3264743140000000
 0.2714159900000000
 0.5626224840000000
 0.2539456130000000
 0.3195805610000000
 0.1132221420000000
 0.1230591460000000
 0.1212813360000000
 0.1204132790000000
 0.0983041840000000
 0.1331540740000000
 0.0992397070000000
 0.1435211740000000
 0.1174679320000000
 0.0894078020000000
 0.0988675930000000
 0.0926568880000000
 0.2169878430000000
 0.0983142410000000
 0.0928035540000000
 0.2284762450000000
 0.0990470850000000
 0.0902870330000000
 0.1030544380000000
 0.2135257410000000
 0.2504654220000000
 0.1202675900000000
 0.2099436520000000
 0.1001009210000000
 0.1001390540000000
 0.2285243650000000
 0.1516420380000000
 0.2146797990000000
 0.0917157760000000
 0.1221856400000000
 0.0940907990000000
 0.0938903550000000
 0.0922765320000000
 0.1021213590000000
 0.1023196380000000
 0.1762483080000000
 0.1156402560000000
 0.1175817030000000
 0.1801555780000000
 0.1794948800000000
 0.1822231600000000
 0.1760019080000000
 0.2048514550000000
 0.2469246090000000
 0.1321300610000000
 0.1285752800000000
 0.2491116890000000
 0.3210307460000000
 0.1145534560000000
 0.1307113060000000
 0.1132275890000000
 0.3058932080000000
 0.3163077290000000
 0.0970767240000000
 0.8456117319999999
 0.1107628910000000
 0.3250377490000000
 0.1202180020000000
 0.1128231380000000
 0.2977596310000000
 0.2141163190000000
 0.3143514050000000
 0.2815240490000000
 0.1042908390000000
 0.0916391610000000
 0.0900374910000000
 0.0888639480000000
 0.0941841070000000
 0.0964375360000000
 0.0894103160000000
 0.1026647240000000
 0.0934426030000000
 0.0933421700000000
 0.0879278650000000
 0.0943304950000000
 0.0920575800000000
 0.0912054470000000
 0.0922437070000000
 0.0925023290000000
 0.1014040890000000
 0.0998967040000000
 0.0863495230000000
 0.0955343490000000
 0.0912907930000000
 0.0909725260000000
 0.0934110350000000
 0.0901351980000000
 0.0893424310000000
 0.0887244740000000
 0.0920582080000000
 0.0926564690000000
 0.0932168750000000
 0.0913050400000000
 0.0978020250000000
 0.0996138480000000
 0.0976007430000000
 0.0962691490000000
 0.0898043610000000
 0.0957560250000000
 0.1070872840000000
 0.0960931490000000
 0.0921221140000000
 0.0966750660000000
 0.0965321010000000
 0.0929982020000000
 0.1009202980000000
 0.0925167160000000
 0.0972154980000000
 0.0930604310000000
 0.0910244880000000
 0.0896725000000000
 0.0886361260000000
 0.0898857260000000
 0.0903642080000000
 0.0964036630000000
 0.0942413070000000
 0.0912422530000000
 0.0876456360000000
 0.0984580450000000
 0.0925251670000000
 0.0930593140000000
 0.0911645200000000
 0.0932638780000000
 0.0881260050000000
 0.0913867540000000
 0.0906650840000000
 0.0930906720000000
 0.0846932360000000
 0.0967953330000000
 0.1020098220000000
 0.1012922030000000
 0.0920669380000000
 0.0860834260000000
 0.0886799160000000
 0.0830019600000000
 0.0937707170000000
 0.0900789070000000
 0.0983696250000000
 0.0885524550000000
 0.0994594290000000
 0.0920346720000000
 0.0875382200000000
 0.0875672740000000
 0.0901170400000000
 0.0883807860000000
 0.0901039800000000
 0.0899568940000000
 0.0894279160000000
 0.0941544250000000
 0.0900050140000000
 0.0932404120000000
 0.1189257290000000
 0.0889201000000000
 0.0875532370000000
 0.1002395560000000
 0.0995447040000000
 0.0960168820000000
 0.0991982920000000
 0.1084367570000000
 0.1097986610000000
 0.1024526160000000
 0.1017817910000000
 0.1084529600000000
 0.0908755160000000
 0.0887674970000000
 0.0865098080000000
 0.1046244710000000
 0.1051553340000000
 0.1020548700000000
 0.1111051820000000
 0.0870915850000000
 0.0916633260000000
 0.0978925390000000
 0.0882575860000000
 0.0957318600000000
 0.0918375800000000
 0.0930975860000000
 0.0978392500000000
 0.0998988000000000
 0.1125544580000000
 0.1044768260000000
 0.1121613220000000
 0.0953211230000000
 0.0966519480000000
 0.0945900250000000
 0.1208992350000000
 0.0927285450000000
 0.0960704500000000
 0.0951504310000000
 0.1039979240000000
 0.0908613380000000
 0.0924229200000000
 0.0911113710000000
 0.0876129510000000
 0.0894203030000000
 0.0951173260000000
 0.1155865480000000
 0.1248246640000000
 0.1033512640000000
 0.1138218690000000
 0.1034291370000000
 0.1192173870000000
 0.0968215930000000
 0.1083455440000000
 0.0968477140000000
 0.0985500950000000
 0.0974127300000000
 0.0919120300000000
 0.0982527800000000
 0.1216547770000000
 0.1167228660000000
 0.1150772650000000
 0.1193021050000000
 0.1011745910000000
 0.1200216090000000
 0.1185790380000000
 0.0909659610000000
 0.0965765900000000
 0.0972916250000000
 0.0925887930000000
 0.0893169380000000
 0.1051348700000000
 0.1254384290000000
 0.0918332500000000
 0.0935446410000000
 0.0896529450000000
 0.1009787560000000
 0.0947698660000000
 0.0930110530000000
 0.0950748630000000
 0.0916174400000000
 0.0954707230000000
 0.1083022420000000
 0.1514367050000000
 0.1266767140000000
 0.0952419930000000
 0.0948948820000000
 0.1145469600000000
 0.1233430510000000
 0.1221619640000000
 0.0985676950000000
 0.0931841200000000
 0.0937188250000000
 0.1154733350000000
 0.1472124250000000
 0.0962928250000000
 0.0975579300000000
 0.0900017320000000
 0.0928793320000000
 0.0920310400000000
 0.0956387610000000
 0.0925122470000000
 0.0941487670000000
 0.1039715940000000
 0.1348395540000000
 0.0945189270000000
 0.0913311600000000
 0.0920290850000000
 0.0882913890000000
 0.1068756640000000
 0.0900473380000000
 0.1012820760000000
 0.1051894860000000
 0.1071482550000000
 0.1085621910000000
 0.0906823360000000
 0.1001245970000000
 0.1089674810000000
 0.1158452400000000
 0.1055152960000000
 0.0903345960000000
 0.0920270590000000
 0.1165278690000000
 0.0893161000000000
 0.0879832500000000
 0.0928528620000000
 0.1020077270000000
 0.0871566780000000
 0.0881576430000000
 0.0896289900000000
 0.0883451660000000
 0.0895487410000000
 0.0914357830000000
 0.0932086340000000
 0.0942835610000000
 0.1229186260000000
 0.1128689540000000
 0.1177417800000000
 0.1022131300000000
 0.0870498210000000
 0.0957235490000000
 0.0901445570000000
 0.0951978530000000
 0.0893377510000000
 0.0931093890000000
 0.0959138660000000
 0.0969842540000000
 0.0889059220000000
 0.0940516880000000
 0.0903051920000000
 0.0912520310000000
 0.0908718150000000
 0.1035514290000000
 0.0941993330000000
 0.0942494790000000
 0.0896850020000000
 0.0887559030000000
 0.0910808500000000
 0.0913764180000000
 0.0887639350000000
 0.0907164180000000
 0.1264862570000000
 0.1842682520000000
 0.1922490850000000
 0.1561590930000000
 0.0955195420000000
 0.0891635670000000
 0.0855395720000000
 0.0854533190000000
 0.0874372300000000
 0.0906076740000000
 0.1149951330000000
 0.1412166910000000
 0.0884354720000000
 0.1458952190000000
 0.1381651150000000
 0.0961979100000000
 0.0870929120000000
 0.0903732180000000
 0.0886737700000000
 0.0885472180000000
 0.0899447420000000
 0.0909567410000000
 0.0945495870000000
 0.0895296050000000
 0.0922133260000000
 0.0899974020000000
 0.0943566150000000
 0.0870142010000000
 0.0866811290000000
 0.0849609370000000
 0.0874790650000000
 0.0935413570000000
 0.0910843420000000
 0.0929806720000000
 0.0930105640000000
 0.0922006850000000
 0.1094419820000000
 0.1011539180000000
 0.0982342030000000
 0.0876454970000000
 0.0921705130000000
 0.0916501260000000
 0.0914551990000000
 0.0946809580000000
 0.0913834720000000
 0.1092576010000000
 0.1051803370000000
 0.0907444240000000
 0.0976293780000000
 0.0936385770000000
 0.0961199680000000
 0.0925452810000000
 0.0925000240000000
 0.0936822970000000
 0.0983801010000000
 0.0892671410000000
 0.0932685580000000
 0.0849673630000000
 0.0965422290000000
 0.0989909340000000
 0.1051713270000000
 0.0905950330000000
 0.0873590080000000
 0.0872586460000000
 0.0944624250000000
 0.0866946080000000
 0.0925242590000000
 0.0904551410000000
 0.1005511870000000
 0.1219954630000000
 0.0889326710000000
 0.0877154080000000
 0.1021482480000000
 0.1399296560000000
 0.0909778340000000
 0.1235161870000000
 0.0866560550000000
 0.0885258460000000
 0.0902924120000000
 0.0928600560000000
 0.0918514780000000
 0.0911070400000000
 0.1350429310000000
 0.1071615250000000
 0.1395210140000000
 0.1153988840000000
 0.1390280050000000
 0.1093224840000000
 0.1329987470000000
 0.1067787240000000
 0.1528981340000000
 0.0969491240000000
 0.1074222420000000
 0.1393492050000000
 0.0960214210000000
 0.0961653640000000
 0.1607526240000000
 0.1013542920000000
 0.1508500380000000
 0.1225331010000000
 0.1593099830000000
 0.1036425020000000
 0.1629652650000000
 0.1050022420000000
 0.1574184010000000
 0.0936764310000000
 0.0897401070000000
 0.0906324690000000
 0.0912155030000000
 0.0999233140000000
 0.0927242850000000
 0.0906199670000000
 0.1014511620000000
 0.0906871550000000
 0.0892804810000000
 0.0935396120000000
 0.0907159290000000
 0.1210687390000000
 0.2069344710000000
 0.0982983870000000
 0.0946818660000000
 0.0910086330000000
 0.0908898340000000
 0.0911789070000000
 0.0992098160000000
 0.1964452880000000
 0.1332251030000000
 0.1931670090000000
 0.1397401770000000
 0.1953626780000000
 0.0922028500000000
 0.0879845760000000
 0.0861047290000000
 0.0899039550000000
 0.0896342980000000
 0.0932332190000000
 0.1081315510000000
 0.0902866140000000
 0.0868171100000000
 0.0905562720000000
 0.0883746400000000
 0.1014912510000000
 0.0969854410000000
 0.1051899050000000
 0.0990805390000000
 0.0886223670000000
 0.0905912630000000
 0.1109769540000000
 0.0914148310000000
 0.0884821250000000
 0.0986010090000000
 0.2642462940000000
 0.2600952080000000
 0.2493946860000000
 0.2650866240000000
 0.2898885190000000
 0.2758753550000000
 0.1179534690000000
 0.0942662410000000
 0.0931530410000000
 0.1002954990000000
 0.0953541580000000
 0.0935990470000000
 0.1030641470000000
 0.0854979470000000
 0.0906567730000000
 0.0929662850000000
 0.0925403930000000
 0.0989555240000000
 0.0970283240000000
 0.0933011040000000
 0.2732449240000000
 0.3020610860000000
 0.2975608630000000
 0.2920371860000000
 0.2996843870000000
 0.2834286900000000
 0.3065437790000000
 0.3036210600000000
 0.0891523930000000
 0.0896381380000000
 0.0908345200000000
 0.0964637960000000
 0.0988432190000000
 0.0934935170000000
 0.2941632940000000
 0.2862897380000000
 0.2893109320000000
 0.2943558470000000
 0.0990526030000000
 0.0885445630000000
 0.0866534020000000
 0.0895113060000000
 0.0937197320000000
 0.0877485830000000
 0.0904897130000000
 0.0902624490000000
 0.0865677760000000
 0.0879346400000000
 0.0937223860000000
 0.0969708440000000
 0.0881376680000000
 0.0927354600000000
 0.0911612370000000
 0.0942322280000000
 0.0869822140000000
 0.0920549260000000
 0.0940569260000000
 0.0899471860000000
 0.0936609260000000
 0.0881267730000000
 0.0888888810000000
 0.0912062850000000
 0.1028799050000000
 0.0892679100000000
 0.0915261580000000
 0.0872142260000000
 0.0886132880000000
 0.0821177000000000
 0.0903053320000000
 0.0893938330000000
 0.0904545830000000
 0.0924139800000000
 0.0930798460000000
 0.0888365700000000
 0.0972740950000000
 0.0946058790000000
 0.0896311540000000
 0.0947322920000000
 0.0964295750000000
 0.0921227410000000
 0.0988891050000000
 0.0929419810000000
 0.0936892820000000
 0.0883968490000000
 0.0884856880000000
 0.0926409640000000
 0.0872144360000000
 0.0913692950000000
 0.0892944500000000
 0.0920608620000000
 0.0979559560000000
 0.0870414400000000
 0.0872127600000000
 0.0905276370000000
 0.0940473580000000
 0.0921636690000000
 0.0846525880000000
 0.0940351360000000
 0.0891370970000000
 0.0896166280000000
 0.0919068620000000
 0.0875684620000000
 0.0898128810000000
 0.0901096370000000
 0.0965624820000000
 0.0945174590000000
 0.0953961330000000
 0.0916128310000000
 0.0877918840000000
 0.0961476950000000
 0.0902617510000000
 0.0893449450000000
 0.0908569390000000
 0.0911159800000000
 0.0911456630000000
 0.0913330470000000
 0.0899177130000000
 0.0914502400000000
 0.0896942910000000
 0.0934180180000000
 0.0897590340000000
 0.0877476750000000
 0.0934299610000000
 0.0957343040000000
 0.0947695860000000
 0.0920899860000000
 0.1051675560000000
 0.0899947480000000
 0.0918195610000000
 0.0899216240000000
 0.0882928560000000
 0.0947365520000000
 0.0934236060000000
 0.0943193900000000
 0.0864390580000000
 0.0855529120000000
 0.0906370080000000
 0.0853162210000000
 0.0910033960000000
 0.0906660620000000
 0.0937791670000000
 0.0906212240000000
 0.1055209530000000
 0.0922548820000000
 0.0894886780000000
 0.0914308940000000
 0.0986216830000000
 0.0942251740000000
 0.0897645510000000
 0.0854971090000000
 0.0858168430000000
 0.0926509520000000
 0.0840979790000000
 0.0939445520000000
 0.0925054720000000
 0.0884739540000000
 0.0897125890000000
 0.0890692120000000
 0.0916354590000000
 0.0912866720000000
 0.1003822410000000
 0.0922024310000000
 0.0928430150000000
 0.0952775420000000
 0.0892101510000000
 0.0974524700000000
 0.0855449510000000
 0.0869989060000000
 0.0918333190000000
 0.0919007160000000
 0.0997046410000000
 0.0897322140000000
 0.0865352300000000
 0.0954124060000000
 0.0867796740000000
 0.0817082890000000
 0.0910586400000000
 0.0867442650000000
 0.0889448240000000
 0.0826937500000000
 0.0900762520000000
 0.0917608940000000
 0.0918348560000000
 0.0938477520000000
 0.0912889770000000
 0.0857376430000000
 0.0897297700000000
 0.0927359490000000
 0.0863156490000000
 0.0873554460000000
 0.0919351480000000
 0.0932578730000000
 0.0881966150000000
 0.0957535810000000
 0.0888360110000000
 0.0915429190000000
 0.0951315740000000
 0.0870813190000000
 0.0896347160000000
 0.0917234590000000
 0.0883733130000000
 0.0875419920000000
 0.0904908300000000
 0.0879618080000000
 0.1103677980000000
 0.0903582720000000
 0.1003696700000000
 0.0926492060000000
 0.0897469510000000
 0.0917414790000000
 0.1136262430000000
 0.0876409570000000
 0.0882706460000000
 0.0903345960000000
 0.0917867350000000
 0.0893902010000000
 0.0931292250000000
 0.0889819800000000
 0.0922246400000000
 0.0893593320000000
 0.0901148050000000
 0.0907104810000000
 0.0893098150000000
 0.0898499670000000
 0.0932010910000000
 0.0921580110000000
 0.0854929890000000
 0.0807137500000000
 0.0945678850000000
 0.0852099920000000
 0.0940449830000000
 0.1008473840000000
 0.0855478140000000
 0.0852789250000000
 0.0938389520000000
 0.0943828060000000
 0.0897685320000000
 0.0888934910000000
 0.0942035240000000
 0.0924123040000000
 0.0939172440000000
 0.0901615990000000
 0.0857598520000000
 0.0926995610000000
 0.0971772250000000
 0.0957919930000000
 0.0925102210000000
 0.1079158810000000
 0.0942818850000000
 0.0936899110000000
 0.0876636560000000
 0.0892083350000000
 0.0910529830000000
 0.0903892110000000
 0.0887897760000000
 0.0927860240000000
 0.0865375350000000
 0.0922833760000000
 0.0882412430000000
 0.1004560640000000
 0.0923348500000000
 0.1020762420000000
 0.0899861570000000
 0.0882724620000000
 0.0905441190000000
 0.0932485830000000
 0.0890153640000000
 0.0921978910000000
 0.0978477010000000
 0.0939465770000000
 0.0913044120000000
 0.1123041470000000
 0.0858134200000000
 0.0890505640000000
 0.0962410020000000
 0.0897528870000000
 0.0943624820000000
 0.0903260750000000
 0.0958499620000000
 0.0858475730000000
 0.0902060180000000
 0.0890041190000000
 0.0922270840000000
 0.0882708560000000
 0.0938729640000000
 0.0933467100000000
 0.0885601380000000
 0.0894911920000000
 0.0976353840000000
 0.0894017960000000
 0.0853188750000000
 0.0904881760000000
 0.0932714910000000
 0.0990549080000000
 0.0926596120000000
 0.0900980430000000
 0.0938968500000000
 0.0891326270000000
 0.0909288750000000
 0.0905360880000000
 0.0857389000000000
 0.0919798470000000
 0.0905362970000000
 0.0870325000000000
 0.0897871800000000
 0.0950080250000000
 0.0946546980000000
 0.1080267880000000
 0.0941290020000000
 0.0930073510000000
 0.0879588040000000
 0.0885411410000000
 0.0911935730000000
 0.0932996380000000
 0.0848503790000000
 0.0963336820000000
 0.0868166210000000
 0.0885052430000000
 0.0852983410000000
 0.0894577390000000
 0.0881530330000000
 0.0914798530000000
 0.0877585000000000
 0.0884587290000000
 0.0864037180000000
 0.0871545820000000
 0.0909305510000000
 0.0910947480000000
 0.0884629190000000
 0.1004377650000000
 0.1001886410000000
 0.1018760770000000
 0.0977361650000000
 0.1181363830000000
 0.0979294150000000
 0.1047365660000000
 0.1050528770000000
 0.1056523940000000
 0.0964973900000000
 0.1014661080000000
 0.1042048640000000
 0.1024188130000000
 0.1044522420000000
 0.0956034910000000
 0.1078702040000000
 0.0868140370000000
 0.0909896370000000
 0.0967410660000000
 0.0910794530000000
 0.0997223110000000
 0.1135047890000000
 0.0883133190000000
 0.1004027050000000
 0.0923266780000000
 0.1405367160000000
 0.0945036310000000
 0.1449640250000000
 0.1406307230000000
 0.1427690530000000
 0.0913901770000000
 0.1417750720000000
 0.0912699790000000
 0.1464934790000000
 0.0875777510000000
 0.1411857510000000
 0.0935457580000000
 0.0942502470000000
 0.0909726660000000
 0.0841298960000000
 0.0927358790000000
 0.0929954080000000
 0.0889993000000000
 0.0877795220000000
 0.0893598910000000
 0.0876560430000000
 0.0869762080000000
 0.0919134980000000
 0.0912697710000000
 0.0900039670000000
 0.1197846370000000
 0.0898017060000000
 0.0877568930000000
 0.0996590350000000
 0.0923609700000000
 0.0896731990000000
 0.0896407920000000
 0.0934086600000000
 0.0915964880000000
 0.0942975290000000
 0.1071552390000000
 0.0901169010000000
 0.0881827860000000
 0.0899820370000000
 0.0999815620000000
 0.0866564050000000
 0.0914810400000000
 0.1033759880000000
 0.0919862720000000
 0.0893840550000000
 0.0923690720000000
 0.0931217510000000
 0.0958773400000000
 0.0914245390000000
 0.0823521560000000
 0.0932906280000000
 0.0901434400000000
 0.0934842280000000
 0.1021064130000000
 0.0898430520000000
 0.1110455370000000
 0.0948911100000000
 0.0944783490000000
 0.0926143550000000
 0.0928785640000000
 0.0922917580000000
 0.1011946350000000
 0.0902296940000000
 0.0902116060000000
 0.0911797450000000
 0.0923690720000000
 0.0935240370000000
 0.0948249010000000
 0.0944884050000000
 0.0898696620000000
 0.0956870220000000
 0.0883410460000000
 0.0926249700000000
 0.6560456010000000
 0.0992295810000000
 0.0929369520000000
 0.0873601250000000
 0.0910268620000000
 0.0900442650000000
 0.0890535670000000
 0.0875369630000000
 0.0879928870000000
 0.0894960120000000
 0.0893104430000000
 0.0876084120000000
 0.0879116620000000
 0.0916747100000000
 0.0916552250000000
 0.0930621070000000
 0.0922927350000000
 0.1068718230000000
 0.0922305770000000
 0.0871147730000000
 0.0904897130000000
 0.0928655740000000
 0.0900763920000000
 0.1002128760000000
 0.0976176440000000
 0.1002565270000000
 0.0982337840000000
 0.1023603550000000
 0.1000122920000000
 0.0959413140000000
 0.1044342220000000
 0.1041844700000000
 0.1021129780000000
 0.0977453840000000
 0.1039437970000000
 0.1063913850000000
 0.1028776000000000
 0.0992847560000000
 0.1045697850000000
 0.0888277700000000
 0.0928310020000000
 0.0950707420000000
 0.0978274470000000
 0.1023412190000000
 0.1021980440000000
 0.0903832050000000
 0.1020260250000000
 0.0916121320000000
 0.1545577720000000
 0.0886052550000000
 0.1604438560000000
 0.1546763620000000
 0.1587073220000000
 0.0917608940000000
 0.1849629630000000
 0.0896566460000000
 0.1669751320000000
 0.0908809640000000
 0.1576548840000000
 0.0916595540000000
 0.0928372180000000
 0.0923291230000000
 0.1010865900000000
 0.0949207930000000
 0.0838123980000000
 0.0839047980000000
 0.0896150210000000
 0.1177978620000000
 0.0927967800000000
 0.0896025190000000
 0.1176993870000000
 0.0952683930000000
 0.0892547100000000
 0.0862275100000000
 0.0921464180000000
 0.0881164360000000
 0.0977696890000000
 0.0990274610000000
 0.0912599220000000
 0.0862102590000000
 0.0893287420000000
 0.0909397000000000
 0.0891859160000000
 0.0905644430000000
 0.0902759290000000
 0.0863556680000000
 0.0889668940000000
 0.0933773000000000
 0.0908511420000000
 0.0922844940000000
 0.0877344040000000
 0.0944866590000000
 0.0869148170000000
 0.0955831670000000
 0.0863782270000000
 0.0912979170000000
 0.0835292610000000
 0.0944654280000000
 0.0900978330000000
 0.0864344490000000
 0.0862645950000000
 0.0920279670000000
 0.0861999920000000
 0.0966356760000000
 0.0856040360000000
 0.0911142340000000
 0.0869028740000000
 0.0927615110000000
 0.0855868560000000
 0.0924807490000000
 0.0928464370000000
 0.0930745380000000
 0.0904294400000000
 0.0980017720000000
 0.0868445570000000
 0.0892440930000000
 0.0890832500000000
 0.0890069130000000
 0.3873069760000000
 0.1017526660000000
 0.0912445580000000
 0.0871883860000000
 0.0899455100000000
 0.0950578220000000
 0.0915575860000000
 0.0895173830000000
 0.0891894080000000
 0.0889363040000000
 0.0922999990000000
 0.0863829760000000
 0.0880407280000000
 0.0852271720000000
 0.0884541890000000
 0.0901252810000000
 0.0870054710000000
 0.0895129120000000
 0.0898359290000000
 0.0871559790000000
 0.0935565130000000
 0.0887377450000000
 0.0899177830000000
 0.0996503750000000
 0.0996725840000000
 0.0942139290000000
 0.0931123920000000
 0.0904281830000000
 0.0945104750000000
 0.0948613580000000
 0.0873384050000000
 0.0982562730000000
 0.0856100430000000
 0.1006843750000000
 0.0885522460000000
 0.1029310990000000
 0.0864593820000000
 0.0944638210000000
 0.0917346340000000
 0.0878337890000000
 0.0898797190000000
 0.0873499290000000
 0.0904046470000000
 0.0885470080000000
 0.0888086330000000
 0.0932432750000000
 0.0894612310000000
 0.0871716240000000
 0.0915747670000000
 0.0878804430000000
 0.0881674210000000
 0.0925152490000000
 0.0843934780000000
 0.0906509770000000
 0.0938620690000000
 0.0929896820000000
 0.0876346020000000
 0.0925931920000000
 0.0935087420000000
 0.0880885700000000
 0.0893253900000000
 0.0915363540000000
 0.0858030840000000
 0.0921911870000000
 0.0919166410000000
 0.1027446230000000
 0.0913844500000000
 0.0882813320000000
 0.0869310210000000
 0.0911571860000000
 0.0888054910000000
 0.0899190400000000
 0.0959019930000000
 0.0912468630000000
 0.0917965830000000
 0.0920759480000000
 0.0934164120000000
 0.0902868240000000
 0.0889716430000000
 0.0946063670000000
 0.0906593570000000
 0.0988995110000000
 0.0876571600000000
 0.0869705510000000
 0.0869071340000000
 0.0885312940000000
 0.0872057760000000
 0.0880669890000000
 0.0879840870000000
 0.0920228690000000
 0.0887231480000000
 0.0863701950000000
 0.0890716560000000
 0.1083032200000000
 0.0878703860000000
 0.0895789130000000
 0.0892646270000000
 0.0988374920000000
 0.0875405950000000
 0.0900486650000000
 0.0907423980000000
 0.0995535740000000
 0.0867351860000000
 0.0929425390000000
 0.0883531990000000
 0.0968517650000000
 0.0897246020000000
 0.0903488430000000
 0.0937428500000000
 0.0951130660000000
 0.0985545650000000
 0.0893348870000000
 0.1023624510000000
 0.0910371290000000
 0.0960032630000000
 0.0994111680000000
 0.0944513200000000
 0.1294355840000000
 0.1197637550000000
 0.1252334440000000
 0.0880968810000000
 0.0891681070000000
 0.0909331360000000
 0.0927639550000000
 0.0917263230000000
 0.1036053470000000
 0.1022741720000000
 0.1092324580000000
 0.0906729070000000
 0.0928078150000000
 0.1053128260000000
 0.0864776810000000
 0.0967988950000000
 0.0920979490000000
 0.0995781590000000
 0.0856073880000000
 0.0907738970000000
 0.0897392680000000
 0.0972651550000000
 0.0892338270000000
 0.0991753840000000
 0.0891300430000000
 0.0928037640000000
 0.0925704240000000
 0.1027465080000000
 0.1154821350000000
 0.1149686620000000
 0.1068826490000000
 0.1079135750000000
 0.1095470930000000
 0.1612556200000000
 0.1741988160000000
 0.1631837290000000
 0.1575365720000000
 0.1725703260000000
 0.0976458600000000
 0.1323682900000000
 0.0911371410000000
 0.1013396950000000
 0.0878837950000000
 0.0964982980000000
 0.1704895460000000
 0.1776910890000000
 0.1660234050000000
 0.1609052970000000
 0.1702704530000000
 0.3114485920000000
 0.3312433570000000
 0.3065578860000000
 0.2994906470000000
 0.3240003970000000
 0.0941308880000000
 0.1280006960000000
 0.0883936370000000
 0.1013961970000000
 0.0929734780000000
 0.0884548870000000
 0.1012089520000000
 0.0987416000000000
 0.0937478790000000
 0.1114261030000000
 0.1100861280000000
 0.1232999590000000
 0.1242039840000000
 0.0883187670000000
 0.0896159280000000
 0.0877848300000000
 0.0947885840000000
 0.0894960810000000
 0.0901074720000000
 0.0879215790000000
 0.0906357510000000
 0.0923271670000000
 0.1003870600000000
 0.0919290720000000
 0.1019418670000000
 0.0981534670000000
 0.0955703870000000
 0.0998996380000000
 0.0923120120000000
 0.1038533530000000
 0.0931705000000000
 0.0995030790000000
 0.0883616490000000
 0.0956233960000000
 0.0905544560000000
 0.0970133080000000
 0.0904098140000000
 0.0945731230000000
 0.0925327800000000
 0.0963929080000000
 0.0906980490000000
 0.0907874460000000
 0.0884221320000000
 0.0914690970000000
 0.1077222100000000
 0.1067513470000000
 0.1144158680000000
 0.1851208740000000
 0.1672014180000000
 0.0907725700000000
 0.0955235930000000
 0.1160395380000000
 0.0992763750000000
 0.0900123480000000
 0.0986265710000000
 0.0871503220000000
 0.1068957090000000
 0.1852808100000000
 0.1136044520000000
 0.0991627430000000
 0.1084417150000000
 0.1787248800000000
 0.1648913480000000
 0.1719062060000000
 0.0965102410000000
 0.0897235540000000
 0.0915483670000000
 0.0828443980000000
 0.0889847730000000
 0.1931783930000000
 0.1941260690000000
 0.1917849200000000
 0.3535845340000000
 0.3229433490000000
 0.3438089900000000
 0.0913926210000000
 0.0894059160000000
 0.0943138020000000
 0.0929375100000000
 0.0962900310000000
 0.0928592190000000
 0.0918564380000000
 0.0894488680000000
 0.0870287980000000
 0.0979044120000000
 0.0952892050000000
 0.0895877130000000
 0.0931170730000000
 0.0890423920000000
 0.0911908490000000
 0.0890273760000000
 0.0915227350000000
 0.0914397640000000
 0.0909417250000000
 0.0885130650000000
 0.0875436680000000
 0.0947253070000000
 0.1106724450000000
 0.0892944490000000
 0.0957515550000000
 0.0923012570000000
 0.2032857530000000
 0.0914933320000000
 0.0828186960000000
 0.0958057520000000
 0.0903443040000000
 0.0892889320000000
 0.0919355670000000
 0.0950562850000000
 0.1082685790000000
 0.1135387320000000
 0.1065751380000000
 0.1250668730000000
 0.6744756660000000
 0.1851227600000000
 0.1067090930000000
 0.0898058270000000
 0.0874611160000000
 0.0983645270000000
 0.0868685820000000
 0.0903950080000000
 0.0991751740000000
 0.0927880500000000
 0.0915465510000000
 0.0914573640000000
 0.0918126470000000
 0.4389965760000000
 0.5889133250000000
 0.0947515680000000
 0.0926673640000000
 0.1201245550000000
 0.1042708640000000
 0.1357943530000000
 0.0873729060000000
 0.0888258840000000
 0.0945819930000000
 0.0901234650000000
 0.0862696240000000
 0.0944131860000000
 0.1177766310000000
 0.0878781380000000
 0.0982108760000000
 0.0913366090000000
 0.0938582980000000
 0.0925868370000000
 0.0908438080000000
 0.0890481890000000
 0.0926709960000000
 0.0847514830000000
 0.0925436050000000
 0.0830407220000000
 0.0878734590000000
 0.0941155230000000
 0.0872782710000000
 0.1001450600000000
 0.0880871730000000
 0.0930044180000000
 0.0903156680000000
 0.0879816430000000
 0.0915066720000000
 0.0899886020000000
 0.0913933900000000
 0.0908309570000000
 0.0892499610000000
 0.0885771790000000
 0.0895411290000000
 0.0894974080000000
 0.0885155800000000
 0.0931959930000000
 0.1024269150000000
 0.0852621630000000
 0.0962307360000000
 0.0956922600000000
 0.0848233500000000
 0.0961852000000000
 0.0961467870000000
 0.0917931610000000
 0.0965202980000000
 0.1185247700000000
 0.0831771220000000
 0.0999921780000000
 0.0959645710000000
 0.0876804170000000
 0.0920061770000000
 0.1149043380000000
 0.0918078970000000
 0.0933705260000000
 0.1019765080000000
 0.0937642220000000
 0.0913859860000000
 0.0954304940000000
 0.0913014780000000
 0.0912016750000000
 0.0963602920000000
 0.0972963040000000
 0.0879954010000000
 0.0923044690000000
 0.1062118930000000
 0.0899667410000000
 0.0961995170000000
 0.0932485130000000
 0.0883786910000000
 0.0946977900000000
 0.0935544180000000
 0.0878800940000000
 0.0922534850000000
 0.0937746280000000
 0.0841014710000000
 0.0949360880000000
 0.0946342340000000
 0.0883317570000000
 0.0948382410000000
 0.0932083550000000
 0.1119549410000000
 0.0926107230000000
 0.0904964870000000
 0.0947753840000000
 0.0830051720000000
 0.0959021320000000
 0.0942316690000000
 0.0982231680000000
 0.0865648430000000
 0.1083055250000000
 0.0945115930000000
 0.0946929710000000
 0.0895510460000000
 0.0891919920000000
 0.0902655220000000
 0.0970079990000000
 0.1131308590000000
 0.0929748750000000
 0.0886865510000000
 0.0869969510000000
 0.1023603550000000
 0.0900390970000000
 0.0854063150000000
 0.0912620880000000
 0.0933575360000000
 0.0893612870000000
 0.0915037380000000
 0.0938735230000000
 0.0879986140000000
 0.0959626850000000
 0.0922790470000000
 0.0947135040000000
 0.0888851090000000
 0.1030957840000000
 0.0884132620000000
 0.0879339410000000
 0.0912688630000000
 0.1100938810000000
 0.0929991100000000
 0.0893358650000000
 0.0922301580000000
 0.0947264250000000
 0.0949851170000000
 0.1033836700000000
 0.1042329410000000
 0.0991897710000000
 0.1035560380000000
 0.0807316290000000
 0.0917482530000000
 0.0943994280000000
 0.0998517270000000
 0.0873483220000000
 0.0915965570000000
 0.0923907220000000
 0.0943804310000000
 0.0898101570000000
 0.1075754040000000
 0.0936341770000000
 0.1191640280000000
 0.0935536500000000
 0.0902495980000000
 0.0881897000000000
 0.0970414540000000
 0.1155457610000000
 0.0901075410000000
 0.0900172370000000
 0.0869888490000000
 0.0912321960000000
 0.0871904810000000
 0.0924453390000000
 0.0872146460000000
 0.0990197080000000
 0.0882020620000000
 0.1083150230000000
 0.0894585760000000
 0.0947172050000000
 0.0931901270000000
 0.0937856630000000
 0.0868565000000000
 0.0935083230000000
 0.0919007160000000
 0.0919536570000000
 0.0983389640000000
 0.0868268170000000
 0.1192977730000000
 0.0982006090000000
 0.1093716520000000
 0.0925927740000000
 0.0871619160000000
 0.1025576570000000
 0.0894727540000000
 0.1218245620000000
 0.0894156240000000
 0.0900937130000000
 0.0875026010000000
 0.0947989890000000
 0.1805684100000000
 0.0896176050000000
 0.0976196000000000
 0.1088924710000000
 0.0956301710000000
 0.1066277980000000
 0.0955482470000000
 0.1111409410000000
 0.0927131800000000
 0.0939136810000000
 0.0915366340000000
 0.0957550470000000
 0.0957213840000000
 0.0863706840000000
 0.0904406850000000
 0.0920769960000000
 0.0936749640000000
 0.0900900810000000
 0.0960594150000000
 0.0895847100000000
 0.0901520310000000
 0.0965885330000000
 0.0909255920000000
 0.0974930480000000
 0.0845601890000000
 0.0856071090000000
 0.0895763290000000
 0.0930811040000000
 0.0867564170000000
 0.0983968630000000
 0.0917585200000000
 0.0970107930000000
 0.0906485320000000
 0.0855808490000000
 0.0870974530000000
 0.0872684940000000
 0.0910661130000000
 0.0897075600000000
 0.0866249760000000
 0.1093761910000000
 0.0875081190000000
 0.0985375230000000
 0.0968368190000000
 0.1056416390000000
 0.1083682430000000
 0.0879409250000000
 0.1061979940000000
 0.0978921200000000
 0.0875191540000000
 0.0902440120000000
 0.0897971670000000
 0.0871460620000000
 0.0910324490000000
 0.0903180440000000
 0.0920193060000000
 0.1203331710000000
 0.0942743420000000
 0.0915056240000000
 0.0930801260000000
 0.0867584420000000
 0.0919070720000000
 0.0874549700000000
 0.0887778330000000
 0.0862053000000000
 0.0900837960000000
 0.0909487800000000
 0.0851065570000000
 0.0848243980000000
 0.0864817320000000
 0.0917418280000000
 0.0926865000000000
 0.0867856110000000
 0.1040699310000000
 0.1034236900000000
 0.0910290270000000
 0.1012526030000000
 0.1091667370000000
 0.0875900430000000
 0.1044888390000000
 0.1123126680000000
 0.0901884170000000
 0.1111648270000000
 0.1047848260000000
 0.0961773780000000
 0.1056269030000000
 0.1176355510000000
 0.0900226150000000
 0.1220988980000000
 0.0991247490000000
 0.0988001970000000
 0.0942737830000000
 0.0983152190000000
 0.1043322550000000
 0.1088844390000000
 0.0826442330000000
 0.1010987430000000
 0.0939656440000000
 0.1024607870000000
 0.1096802110000000
 0.0863868870000000
 0.1075135250000000
 0.1067477850000000
 0.0913695030000000
 0.1101201410000000
 0.1129909670000000
 0.0891048300000000
 0.1121992460000000
 0.1054346300000000
 0.0903291480000000
 0.1121475630000000
 0.1086777090000000
 0.0852847210000000
 0.1029860640000000
 0.1353997510000000
 0.1345248480000000
 0.0926974650000000
 0.0895539790000000
 0.1000380640000000
 0.1080155440000000
 0.1070002620000000
 0.1338920170000000
 0.0968893390000000
 0.0844508870000000
 0.0949645130000000
 0.0905471920000000
 0.0918509900000000
 0.0918780180000000
 0.0899080750000000
 0.0883470530000000
 0.0869650340000000
 0.0873025770000000
 0.0956778030000000
 0.0903577830000000
 0.0832539470000000
 0.0907747350000000
 0.0875352870000000
 0.0907271730000000
 0.0908408050000000
 0.0881927040000000
 0.0912520300000000
 0.0906812180000000
 0.0925561770000000
 0.0892653260000000
 0.0914598080000000
 0.0910471160000000
 0.0910492120000000
 0.0907679610000000
 0.1075124080000000
 0.0951931740000000
 0.0959385210000000
 0.0951160690000000
 0.1065565600000000
 0.0932844820000000
 0.0891701320000000
 0.0953283870000000
 0.0900784180000000
 0.0864859220000000
 0.0879566400000000
 0.0869406580000000
 0.0959169390000000
 0.0934395300000000
 0.0929636310000000
 0.0924057390000000
 0.0907732690000000
 0.0884231790000000
 0.0883603920000000
 0.0902391930000000
 0.1078935310000000
 0.0889642400000000
 0.0854819530000000
 0.0914366910000000
 0.0884291860000000
 0.0934539170000000
 0.0871228750000000
 0.1198396030000000
 0.0889673830000000
 0.0872115030000000
 0.0913085320000000
 0.0896492430000000
 0.0948930660000000
 0.0951356250000000
 0.0876881700000000
 0.0918241700000000
 0.1090525470000000
 0.2199205480000000
 0.0921209950000000
 0.0979045520000000
 0.4916832310000000
 0.0878946200000000
 0.1005622920000000
 0.0841680300000000
 0.0914358530000000
 0.1000919110000000
 0.0934998020000000
 0.0892663040000000
 0.0894624880000000
 0.0869828430000000
 0.0864006460000000
 0.0848575730000000
 0.0914737070000000
 0.0870035860000000
 0.0781655210000000
 0.0855063980000000
 0.0923930280000000
 0.0876501760000000
 0.0908259290000000
 0.0924163540000000
 0.0875460430000000
 0.0884390340000000
 0.0914197890000000
 0.0865649830000000
 0.0875462520000000
 0.0932284690000000
 0.0857369440000000
 0.0906801010000000
 0.0927694720000000
 0.0884694150000000
 0.0999726220000000
 0.0913238970000000
 0.0902651040000000
 0.1470410350000000
 0.1005773080000000
 0.0940725700000000
 0.1456621580000000
 0.1446468050000000
 0.1483374980000000
 0.0877982400000000
 0.0892260740000000
 0.1018424830000000
 0.2316142130000000
 4.0569966989999999
 0.1028617470000000
 0.1089570740000000
 0.2312772990000000
 4.4514202919999999
 0.0888120560000000
 0.0892588300000000
 0.0903942400000000
 0.0945527290000000
 0.0965049330000000
 0.0925751740000000
 0.0919414330000000
 0.0947165080000000
 0.0891447100000000
 0.0929229830000000
 0.0916039610000000
 0.1088259820000000
 0.0870527540000000
 0.0972255550000000
 0.0899932120000000
 0.0982373460000000
 0.1301268030000000
 0.0926531170000000
 0.0946655230000000
 0.1084029530000000
 0.0994470670000000
 0.1339606010000000
 0.0902785140000000
 0.1272335590000000
 0.1006486160000000
 0.0989002790000000
 0.0942590470000000
 0.1339532680000000
 0.1254825680000000
 0.1244108540000000
 0.1791856920000000
 0.2582571250000000
 0.1288462640000000
 0.1244034510000000
 0.1321068740000000
 0.2618208460000000
 0.1222188850000000
 0.1221347970000000
 0.0954637390000000
 0.1247499330000000
 0.1224728280000000
 0.1196217670000000
 0.1189894950000000
 0.0922912680000000
 0.1765739080000000
 0.0985832000000000
 0.1053512390000000
 0.1153175200000000
 0.1386301200000000
 0.0954686280000000
 0.1890779420000000
 0.2038873660000000
 0.0981959990000000
 0.0910895100000000
 0.1031515170000000
 0.0894149250000000
 0.0968076950000000
 0.0896915670000000
 0.0932739350000000
 0.0898236370000000
 0.0941901830000000
 0.0943564060000000
 0.0941794280000000
 0.0964262920000000
 0.1343570200000000
 0.1341547590000000
 0.1370144800000000
 0.1036865020000000
 0.1084459060000000
 0.0943218340000000
 0.0939968630000000
 0.0942135110000000
 0.0929118090000000
 0.1046068000000000
 0.1077834610000000
 0.1009524250000000
 0.0941425510000000
 0.0985945140000000
 0.0968885710000000
 0.0896681700000000
 0.0922388180000000
 0.0974309580000000
 0.1033532190000000
 0.0986905460000000
 1.1566267500000000
 1.4368180870000000
 0.0995785780000000
 0.0896725000000000
 0.0886841070000000
 0.1009488630000000
 0.1022470030000000
 0.0909867730000000
 0.0931102970000000
 0.0975941780000000
 0.0928179420000000
 0.0926503920000000
 0.0991312450000000
 0.0902477830000000
 0.0848619030000000
 0.0954185520000000
 0.0966385390000000
 0.1222491270000000
 0.0900227540000000
 0.0905491480000000
 0.0927416750000000
 0.0990094410000000
 0.0926126790000000
 0.0954935610000000
 0.0933351170000000
 0.0887030340000000
 0.0927749900000000
 0.0954021400000000
 0.0957531610000000
 0.0907456110000000
 0.0906250660000000
 0.0928990280000000
 0.0904482970000000
 0.0906880620000000
 0.0907883550000000
 0.0906586590000000
 0.1019326480000000
 0.0962940130000000
 0.1051305410000000
 0.0971958720000000
 0.0887725960000000
 0.1019904070000000
 0.1031091240000000
 0.0965093330000000
 0.0973819300000000
 0.0960217710000000
 0.0942542980000000
 0.0985379430000000
 0.0956821330000000
 0.1175318380000000
 0.1032592130000000
 0.0934897450000000
 0.0973664250000000
 0.1004714280000000
 0.0932759610000000
 0.0991186730000000
 0.0981207110000000
 0.0976375490000000
 0.1485039300000000
 0.1116150240000000
 0.0944346280000000
 0.0935238270000000
 0.1131681540000000
 0.1064519370000000
 0.0911363730000000
 0.0970011560000000
 0.1033188580000000
 0.1163559200000000
 0.0924559540000000
 0.1010994410000000
 0.0956222080000000
 0.0918667040000000
 0.0990004310000000
 0.0948610790000000
 0.0966641020000000
 0.0913039920000000
 0.0972673200000000
 0.0973459610000000
 0.0925294970000000
 0.0998551490000000
 0.0946841710000000
 0.0983029970000000
 0.0980497520000000
 0.0960581590000000
 0.1006008440000000
 0.1106716780000000
 0.1049809400000000
 0.0971662600000000
 0.0942641460000000
 0.0982587880000000
 0.0912254210000000
 0.0996757970000000
 0.0963575680000000
 0.0902052500000000
 0.0902190780000000
 0.0983318410000000
 0.0970125400000000
 0.1033986160000000
 0.1071203180000000
 0.0953878210000000
 0.0929407930000000
 0.0925811800000000
 0.0968180310000000
 0.1056764190000000
 0.0966545330000000
 0.0929105520000000
 0.0889332310000000
 0.0977871490000000
 0.0936857200000000
 0.0961003420000000
 0.0961919740000000
 0.0941635740000000
 0.1250793050000000
 0.0962942220000000
 0.0925309640000000
 0.0956456060000000
 0.1042591300000000
 0.1063546490000000
 0.0983536320000000
 0.1250191020000000
 0.1007427620000000
 0.1438010980000000
 0.0895818460000000
 0.1020226040000000
 0.0975908250000000
 0.1473354150000000
 0.1004533390000000
 0.1046401140000000
 0.0967164130000000
 0.0966753460000000
 0.0939267420000000
 0.0982769460000000
 0.0979496690000000
 0.1187618820000000
 0.1355453690000000
 0.1009364320000000
 0.1153643130000000
 0.1031316130000000
 0.1180645170000000
 0.1411704560000000
 0.1050100640000000
 0.0942109970000000
 0.0922050840000000
 0.0927763860000000
 0.1019535300000000
 0.1055921210000000
 0.0978635550000000
 0.1062136390000000
 0.0946669200000000
 0.1060612450000000
 0.0953203540000000
 0.1013919360000000
 0.1126376400000000
 0.0973407940000000
 0.1040876700000000
 0.1043711570000000
 0.0919690210000000
 0.0997090410000000
 0.0969857200000000
 0.0993323870000000
 0.0994990980000000
 0.0963135680000000
 0.1008388640000000
 0.0997850280000000
 0.1113653410000000
 0.1036397780000000
 0.1046447940000000
 0.1023293460000000
 0.0968072060000000
 0.0944533450000000
 0.1069221080000000
 0.0928155680000000
 0.1040697220000000
 0.1013710550000000
 0.0971825330000000
 0.1029473720000000
 0.1055630670000000
 0.1011122230000000
 0.1020376190000000
 0.1109087180000000
 0.1204303200000000
 0.1007679740000000
 0.1013080580000000
 0.0973886350000000
 0.1024026800000000
 0.1017377910000000
 0.1050569270000000
 0.1069432000000000
 0.0950532820000000
 0.1018387110000000
 0.0979774660000000
 0.1012974410000000
 0.0902124440000000
 0.1026308510000000
 0.0988404950000000
 0.0965903480000000
 0.1156788090000000
 0.1160864710000000
 0.2123121790000000
 0.1235659140000000
 0.0943899300000000
 0.1103765980000000
 0.1218927270000000
 0.1294612860000000
 0.1086960070000000
 0.2076151430000000
 0.1181302380000000
 0.2857472810000000
 0.1282668610000000
 0.1237225680000000
 0.1133745350000000
 0.2736464410000000
 0.1179169420000000
 0.1347618900000000
 0.1144215260000000
 0.1132160660000000
 0.1231386950000000
 2.2885621629999999
 0.1367215660000000
 0.1200286630000000
 0.1329365880000000
 0.1144861990000000
 0.1361886780000000
 0.1203871580000000
 0.1136168840000000
 0.1244740610000000
 2.3060372899999999
 0.1264194890000000
 0.1933348370000000
 0.1371817500000000
 0.1164442690000000
 0.1399292370000000
 0.1443712120000000
 0.1132541990000000
 0.1157480220000000
 0.1300845490000000
 0.1107353030000000
 0.1137723510000000
 0.1286903790000000
 0.1280966580000000
 0.1905548740000000
 1.1632940770000000
 0.1910666720000000
 0.8197030630000000
 0.1323509700000000
 0.1191455900000000
 0.1514197340000000
 0.1956428820000000
 0.1888669510000000
 0.1901935160000000
 0.1997003810000000
 0.1997521340000000
 0.2162871960000000
 0.2622243190000000
 0.1526341340000000
 0.2629873350000000
 0.2696916790000000
 0.2737748790000000
 0.1555463050000000
 0.8244143460000000
 0.2829759790000000
 0.2953641460000000
 0.0903500310000000
 0.0933633320000000
 0.0887209130000000
 0.0969823680000000
 0.1044775940000000
 0.0920643550000000
 0.1135685540000000
 0.1062152450000000
 0.1005754930000000
 0.0997935500000000
 0.1028252190000000
 0.1025969080000000
 0.1115150110000000
 0.1212489300000000
 0.1166685990000000
 0.1162519260000000
 0.0929817190000000
 0.0894001190000000
 0.0919496050000000
 0.0913059480000000
 0.1051446480000000
 0.0908446470000000
 0.0997171430000000
 0.1044092890000000
 0.1065925270000000
 0.0903234210000000
 0.1094085980000000
 0.1047580070000000
 0.1100682490000000
 0.1093853410000000
 0.1123657470000000
 0.1081029850000000
 0.1205051900000000
 0.1180448910000000
 0.1259828410000000
 0.1136411890000000
 0.2623277540000000
 0.2637055120000000
 0.1358974400000000
 0.2624806370000000
 0.3448588440000000
 0.3483531420000000
 0.1095820130000000
 0.1041173530000000
 0.0890377830000000
 0.0960347610000000
 0.0919099360000000
 52.0244920040000025
 0.0891289950000000
 0.0939356820000000
 0.0970552820000000
 0.0944314150000000
 0.0933386790000000
 0.0949319680000000
 0.0954730980000000
 0.0964974600000000
 0.0918301070000000
 0.1001496700000000
 0.0900831670000000
 0.0946963930000000
 0.0930768430000000
 0.0926265070000000
 0.0925016310000000
 0.0987324500000000
 0.1029326350000000
 0.0947600880000000
 0.1152951700000000
 0.1146960020000000
 0.1008448700000000
 0.1098157730000000
 0.1343101570000000
 0.1711235640000000
 0.1691925930000000
 0.2155869670000000
 0.2133242490000000
 0.1655059510000000
 0.7363267529999999
 0.7287212480000000
 0.3321575790000000
 0.1749968920000000
 0.1787926260000000
 0.1188690180000000
 0.1769214390000000
 0.7357863920000000
 0.7426587040000000
 0.7335669060000000
 0.3346236040000000
 0.1788244040000000
 0.1707962890000000
 0.1204278050000000
 0.1859179020000000
 0.7296443400000000
 0.0923250020000000
 0.0928362400000000
 0.0922670340000000
 0.0913743930000000
 0.0831694390000000
 0.0947421390000000
 0.0944225450000000
 0.0994530730000000
 0.1008096000000000
 0.0930115410000000
 0.1013554790000000
 0.1016351940000000
 0.1012180320000000
 0.8309055340000000
 0.8281875900000000
 0.3820738390000000
 0.8325102770000000
 2.3586057029999998
 5.9799312479999998
 6.0380266200000001
 3.8607410990000002
 3.8706887320000001
 6.0342910889999999
 0.0970471100000000
 0.0932164570000000
 0.0875044870000000
 0.0993749900000000
 0.0982830910000000
 0.0937490660000000
 0.0992765140000000
 0.0925301960000000
 0.1000117340000000
 0.0950475550000000
 0.0984498030000000
 0.1011635550000000
 0.0979639870000000
 0.0911081580000000
 0.0952376620000000
 0.0900729700000000
 0.0878607480000000
 0.0939191990000000
 0.0947508690000000
 0.1501379370000000
 0.0960792500000000
 0.0940625130000000
 0.1447433260000000
 0.0967979870000000
 0.0929901000000000
 0.0899392930000000
 0.1102124010000000
 0.1009376890000000
 0.1022475620000000
 0.6522276570000000
 0.0952969580000000
 0.0975589780000000
 0.5578049030000000
 0.0889863790000000
 0.0957183110000000
 0.0958420000000000
 0.0960539680000000
 0.0903975930000000
 0.0916374150000000
 0.0915566780000000
 0.0938075230000000
 10.3441623860000007
 0.0968231300000000
 0.0927633950000000
 9.3404676420000001
 0.0875901820000000
 0.0929120880000000
 0.0927236560000000
 0.1018238350000000
 0.0989550350000000
 0.0968542790000000
 0.0887397010000000
 0.0943499110000000
 0.0944573960000000
 0.1014147050000000
 0.0931232180000000
 0.0948723930000000
 0.0910961450000000
 0.0952548430000000
 0.0863743860000000
 0.0912053770000000
 0.0981745580000000
 0.0941240440000000
 0.0930116820000000
 0.0939522350000000
 0.0959872690000000
 0.0999526470000000
 0.0869880810000000
 0.1005196890000000
 0.0918429580000000
 0.0960124820000000
 0.0964193770000000
 0.0982817640000000
 0.0984178150000000
 0.0956182980000000
 0.0940023100000000
 0.1011137590000000
 0.0929241010000000
 0.0932717700000000
 0.0930020440000000
 0.0918525950000000
 0.0924717380000000
 0.0936277510000000
 0.0982835810000000
 0.0957793510000000
 0.0913323480000000
 0.0950018790000000
 0.0914855100000000
 0.0961037640000000
 0.0939388950000000
 0.0974452750000000
 0.0961414780000000
 0.0956994530000000
 0.0963410150000000
 0.0961242280000000
 0.0944597710000000
 0.0999361650000000
 0.1137085860000000
 0.0922926660000000
 0.0929024500000000
 0.0940575550000000
 0.0976749140000000
 0.0928131230000000
 0.0954884630000000
 0.0902921320000000
 0.0971321070000000
 0.0929641200000000
 0.1044382040000000
 0.0930558920000000
 0.0867268040000000
 0.0916517320000000
 0.0902145390000000
 0.0916169510000000
 0.0916463540000000
 0.0880880810000000
 0.0906810090000000
 0.0923599230000000
 0.0944734600000000
 0.0884664810000000
 0.1134612080000000
 0.0957519050000000
 0.0972384060000000
 0.0975179810000000
 0.0971571810000000
 0.0942626080000000
 0.0991227940000000
 0.0895212940000000
 0.0885178140000000
 0.0880890590000000
 0.0965326600000000
 0.0948635240000000
 0.0952107740000000
 0.0940555300000000
 0.0939243680000000
 0.0893685510000000
 0.0935827740000000
 0.0948565390000000
 0.0920497580000000
 0.0901865320000000
 0.0933292500000000
 0.0976418090000000
 0.0948695300000000
 0.0881433960000000
 0.0932793840000000
 0.0925018400000000
 0.0933777200000000
 0.0955443360000000
 0.0927054280000000
 0.0934447670000000
 0.0946866150000000
 0.0965146410000000
 0.0987526350000000
 0.0959208510000000
 0.1013427680000000
 0.1022662800000000
 0.0990718790000000
 0.0944837970000000
 0.1000011180000000
 0.1193532970000000
 0.0999864500000000
 0.0920010090000000
 0.1058638740000000
 0.1161702120000000
 0.0953529710000000
 0.1090584140000000
 0.0904619170000000
 0.0996124500000000
 0.1072923370000000
 0.0926167290000000
 0.0923960310000000
 0.0905453070000000
 0.1005307940000000
 0.0924494600000000
 0.1003090480000000
 0.0928541900000000
 0.0979957650000000
 0.0928444120000000
 0.1025392190000000
 0.0932957960000000
 0.0954874860000000
 0.0907289900000000
 0.0955989520000000
 0.0993173020000000
 0.1101066610000000
 0.1026809270000000
 0.1095890680000000
 0.0985994730000000
 0.0838980930000000
 0.0918971540000000
 0.0921101000000000
 0.0938061960000000
 0.1032667560000000
 0.1132173920000000
 0.0989229080000000
 0.1005700450000000
 0.1221614060000000
 0.0983464370000000
 0.0902649640000000
 0.0941420630000000
 0.0951035680000000
 0.0882179160000000
 0.0928531410000000
 0.0946929010000000
 0.0967011170000000
 0.0963232750000000
 0.1125007510000000
 0.1089968140000000
 0.1057751760000000
 0.0981138660000000
 0.0983527240000000
 0.0990565140000000
 0.1416298020000000
 0.0973852130000000
 0.1424615420000000
 0.0934134090000000
 0.1288723140000000
 0.0961472760000000
 0.1017508510000000
 0.0903863470000000
 0.1573430430000000
 0.0923519610000000
 0.0993263810000000
 0.0957364690000000
 0.1404955800000000
 0.0909714080000000
 0.1382663860000000
 0.0979357710000000
 0.1177434560000000
 0.0899881130000000
 0.1105699190000000
 0.0961548180000000
 0.1166086060000000
 0.0926580050000000
 0.1014624060000000
 0.0953148380000000
 0.1030104380000000
 0.0971925200000000
 0.1432737960000000
 0.0926899230000000
 0.1797467270000000
 0.1061061530000000
 0.1996720950000000
 0.0945523800000000
 0.2200943840000000
 0.0986476630000000
 0.1109175890000000
 0.0959156120000000
 0.1900970660000000
 0.0927191170000000
 0.1046542930000000
 0.1350037500000000
 0.0931759480000000
 0.1291483980000000
 0.0924412180000000
 0.1336908740000000
 0.0915091860000000
 0.1141220460000000
 0.0932307740000000
 0.1200798570000000
 0.0895648750000000
 0.1302794770000000
 0.0892805510000000
 0.0906953950000000
 0.1811050710000000
 0.0962507800000000
 0.1309526770000000
 0.0970093960000000
 0.0886923480000000
 0.1378962960000000
 0.1051001600000000
 0.0899480240000000
 0.0897044880000000
 0.0879145250000000
 0.0928369380000000
 0.1357122200000000
 0.1012523240000000
 0.1093951180000000
 0.1081179310000000
 0.1062260000000000
 0.1404561900000000
 0.0923951930000000
 0.1429770410000000
 0.0977891040000000
 0.1728369800000000
 0.0947225830000000
 0.1582879250000000
 0.0936149700000000
 0.0934828310000000
 0.1545351440000000
 0.0884136810000000
 0.0867960880000000
 0.1041230790000000
 0.0881168560000000
 0.0868810840000000
 0.0994328890000000
 0.1590314550000000
 0.0874672610000000
 0.0916395100000000
 0.2100984900000000
 0.2135603830000000
 0.2213666820000000
 0.2127300400000000
 0.1775523840000000
 0.1769031400000000
 0.1812372800000000
 0.1730052280000000
 0.1042350350000000
 0.0913445700000000
 0.1526485210000000
 0.0968843810000000
 0.0910371990000000
 0.1697183580000000
 0.0963667870000000
 0.0902712490000000
 0.1364755150000000
 0.1336185180000000
 0.1364087480000000
 0.1448077900000000
 0.1436016310000000
 0.1442821640000000
 0.0940596500000000
 0.1569709280000000
 0.0999062040000000
 0.1620812850000000
 0.1582747250000000
 0.1582009720000000
 0.1604086560000000
 0.1084906740000000
 0.1184815390000000
 0.0935659420000000
 0.0899705130000000
 0.0939614530000000
 0.0916154840000000
 0.1008987870000000
 0.0957532310000000
 0.1060927430000000
 0.1022067750000000
 0.1279024990000000
 0.0939272310000000
 0.0904794460000000
 0.0915888060000000
 0.1005378480000000
 0.0916714280000000
 0.0925750330000000
 0.0946333970000000
 0.0892510090000000
 0.1235238690000000
 0.0985439490000000
 0.1268867970000000
 0.1365864240000000
 0.1308273120000000
 0.0902544170000000
 0.1140199380000000
 0.1324379210000000
 0.1306862330000000
 0.0913580500000000
 0.0925125260000000
 0.0986908250000000
 0.0894562720000000
 0.0919808240000000
 0.0896218660000000
 0.0904170080000000
 0.0877693260000000
 0.0855566840000000
 0.0913075540000000
 0.0846876490000000
 0.0943664630000000
 0.1036777020000000
 0.0960267290000000
 0.0918104820000000
 0.0913463170000000
 0.0916783420000000
 0.0936937520000000
 0.0904900620000000
 0.0922722720000000
 0.0884830330000000
 0.0969742660000000
 0.0908804060000000
 0.0879676750000000
 0.0903327790000000
 0.0910059790000000
 0.0896878650000000
 0.0904509510000000
 0.0941486280000000
 0.0990073460000000
 0.0898505960000000
 0.0885487540000000
 0.0931408880000000
 0.0968600760000000
 0.0943393650000000
 0.1128019060000000
 0.0936943110000000
 0.0953996250000000
 0.0938829520000000
 0.1043451050000000
 0.0900606780000000
 0.1003966290000000
 0.0960136690000000
 0.0969493330000000
 0.1102228070000000
 0.1122257160000000
 0.1072943630000000
 0.1041177020000000
 0.0970157520000000
 0.0944480370000000
 0.0948114910000000
 0.1098179380000000
 0.1098790490000000
 0.1109031320000000
 0.1103811380000000
 0.1186637550000000
 0.1134967570000000
 0.1108318940000000
 0.1103274300000000
 0.1092280590000000
 0.1134524780000000
 0.1302605500000000
 0.1421974020000000
 0.1125006810000000
 0.1153041100000000
 0.1109763250000000
 0.1520170860000000
 0.1430839680000000
 0.1105754360000000
 0.1051020450000000
 0.1147443320000000
 0.1976054920000000
 0.2099448390000000
 0.1528667750000000
 0.1591600330000000
 0.1169147890000000
 0.1197192660000000
 0.2047633140000000
 0.2060941400000000
 0.1916477510000000
 0.3287387780000000
 0.2154951260000000
 0.2073864830000000
 0.1954897900000000
 0.2141925160000000
 0.2996331940000000
 0.2687946380000000
 0.2814009880000000
 0.2596428460000000
 0.1974204820000000
 0.2069341910000000
 0.2169960850000000
 0.2819675410000000
 0.2056244570000000
 0.5753024480000000
 0.5485600819999999
 0.4041651950000000
 0.3771748230000000
 0.3467157840000000
 0.3369250840000000
 0.2092117160000000
 0.2063336260000000
 0.2135386620000000
 0.3723384540000000
 0.5425628820000000
 0.5799308290000000
 0.5837848110000000
 0.2034736260000000
 0.1978230470000000
 0.2270152360000000
 0.5558918100000000
 0.6043019430000000
 0.3828337820000000
 0.5580920890000000
 0.3485842470000000
 0.3769331710000000
 0.5867846330000001
 0.2093840140000000
 0.2173828660000000
 0.2088334550000000
 0.7131470620000000
 0.5356061320000000
 0.5074024070000001
 0.2253039140000000
 0.1973155800000000
 0.2144042750000000
 0.9576926670000000
 0.9706944600000000
 0.5375692300000000
 0.5772089050000000
 0.4025522790000000
 0.4289231600000000
 0.1978845780000000
 0.2128751000000000
 0.5599396710000000
 0.9764850700000000
 0.9383393000000000
 0.9607420080000000
 0.9735115080000000
 0.7076566290000000
 0.5415631030000000
 0.5642374240000000
 0.5203965170000000
 0.4088077530000000
 0.4371758840000000
 0.3857020930000000
 0.2028333910000000
 0.2143845800000000
 0.2231673300000000
 0.4323160490000000
 0.5669890310000000
 0.5753217240000000
 1.0109751380000001
 1.0239558380000000
 0.2983909970000000
 0.2579829970000000
 0.2685613670000000
 0.2263715080000000
 0.1999136760000000
 0.2115594300000000
 0.1946399610000000
 0.2146311190000000
 0.2191505480000000
 0.2192491650000000
 0.2669970620000000
 0.3396597890000000
 0.1994581710000000
 0.2170310050000000
 0.2083206110000000
 0.2160332530000000
 0.2178754560000000
 0.1981368440000000
 0.2134100840000000
 0.2142889670000000
 0.2137670430000000
 0.2092027060000000
 0.0860541630000000
 0.0965052120000000
 0.1010069710000000
 0.0907803230000000
 0.0937786080000000
 0.0905424430000000
 0.1005175240000000
 0.0916953130000000
 0.0962984820000000
 0.0979825650000000
 0.0961949070000000
 0.1046414420000000
 0.0953471740000000
 0.1015282670000000
 0.0982543870000000
 0.0981787490000000
 0.0993624890000000
 0.0911324630000000
 0.0953654030000000
 0.0922916180000000
 0.0981219680000000
 0.0942269200000000
 0.1066824840000000
 0.1048125530000000
 0.0990452700000000
 0.1050840260000000
 0.1010032000000000
 0.0999989530000000
 0.0964529020000000
 0.0997705020000000
 0.0950739540000000
 0.0923331740000000
 0.0924402400000000
 0.1083298990000000
 0.1209799710000000
 0.1606778240000000
 0.1275780860000000
 0.1569641530000000
 0.1823521560000000
 0.3415401260000000
 0.1987702350000000
 0.3364886460000000
 0.3683394110000000
 0.1297232610000000
 0.2632835320000000
 0.2507659490000000
 0.3403423470000000
 0.2946341650000000
 0.0914737070000000
 0.0958697960000000
 0.0927678660000000
 0.0985389900000000
 0.0897313770000000
 0.0917671800000000
 0.0908783800000000
 0.0902838210000000
 0.0902662210000000
 0.0905151350000000
 0.0991559680000000
 0.0966307170000000
 0.0972772370000000
 0.0979652440000000
 0.1053239310000000
 0.1129258050000000
 0.1122225030000000
 0.0979882220000000
 0.0963933960000000
 0.0930258600000000
 0.0893026210000000
 0.0979235490000000
 0.0968570030000000
 0.0957479930000000
 0.0903601580000000
 0.0945707490000000
 0.0967399490000000
 0.0964599550000000
 0.1051992650000000
 0.0976431360000000
 0.1072801150000000
 0.0996572890000000
 0.1031918860000000
 0.0971737330000000
 0.0912545450000000
 0.0998876260000000
 0.1142573990000000
 0.1024798550000000
 0.1035665840000000
 0.1062382920000000
 0.1040228570000000
 0.0988785590000000
 0.0963434600000000
 0.1023101400000000
 0.1822575210000000
 0.3311788230000000
 0.1231819960000000
 0.1613022050000000
 0.1345418900000000
 0.1750338380000000
 0.3352904490000000
 0.3595598040000000
 0.3369600050000000
 0.3539646790000000
 0.1790345560000000
 0.3396007030000000
 0.2292032230000000
 0.3994414090000000
 0.2296966520000000
 0.4086157600000000
 0.1839988040000000
 0.3409685450000000
 0.1873429450000000
 0.3412479100000000
 0.1322581500000000
 0.2365177700000000
 0.2425698660000000
 0.3047259500000000
 0.1043774420000000
 0.0952043490000000
 0.0926468310000000
 0.1016981210000000
 0.1029103560000000
 0.0905841380000000
 0.0944477580000000
 0.0932877640000000
 0.0986501080000000
 0.0938943360000000
 0.0915648500000000
 0.0936144820000000
 0.0920480120000000
 0.0959478790000000
 0.0966955300000000
 0.1398619800000000
 0.1454413200000000
 0.0908329830000000
 0.0955719230000000
 0.1389170270000000
 0.1391650340000000
 0.1415130270000000
 0.0954294470000000
 0.0944439170000000
 0.0907595100000000
 0.0928773070000000
 0.0939615230000000
 0.0957335360000000
 0.1000224190000000
 0.0976064000000000
 0.0976515170000000
 0.0991957780000000
 0.0939509070000000
 0.0943694660000000
 0.0944073200000000
 0.0925864180000000
 0.0944556500000000
 0.0923469320000000
 0.1334332290000000
 0.1246725490000000
 0.0939654350000000
 0.0899564050000000
 0.1134344580000000
 0.1156136460000000
 0.1124196650000000
 0.1158467760000000
 0.1104395950000000
 0.1164460140000000
 0.1137718630000000
 0.1150411580000000
 0.1119117090000000
 0.1152828080000000
 0.0929329010000000
 0.0941378030000000
 0.0924339540000000
 0.0903202780000000
 0.1042827370000000
 0.0893844050000000
 0.0929114590000000
 0.0903174840000000
 0.0909321570000000
 0.0874981320000000
 0.0935604940000000
 0.0892206970000000
 0.0998680000000000
 0.0923257010000000
 0.1024686100000000
 0.0880907350000000
 0.0885366010000000
 0.0869836120000000
 0.0936871870000000
 0.0974108440000000
 0.0924308120000000
 0.0887227290000000
 0.0885393250000000
 0.0911735290000000
 0.0925778970000000
 0.0943179930000000
 0.0918745260000000
 0.0904863610000000
 0.0928393130000000
 0.0953553450000000
 0.0949775740000000
 0.0939597070000000
 0.0930794980000000
 0.0938129700000000
 0.0931890080000000
 0.0888738650000000
 0.0947492630000000
 0.0910728170000000
 0.0947540120000000
 0.0913282270000000
 0.0958093840000000
 0.0885410020000000
 0.0909318780000000
 0.0951249390000000
 0.0898926400000000
 0.0908403860000000
 0.0910428560000000
 0.0906203860000000
 0.0911629130000000
 0.0922901510000000
 0.0963348690000000
 0.0883788310000000
 0.0967863930000000
 0.0933754850000000
 0.0904885960000000
 0.0951453330000000
 0.0920656810000000
 0.0965270030000000
 0.0980283100000000
 0.0890069830000000
 0.0955634720000000
 0.1038570550000000
 0.0900222650000000
 0.0990775360000000
 0.1072284330000000
 0.0908957700000000
 0.1080973980000000
 0.1020721900000000
 0.0914367610000000
 0.1301824680000000
 0.0959532560000000
 0.1115866690000000
 0.0951762020000000
 0.1056691560000000
 0.0865485000000000
 0.1031839940000000
 0.1121854870000000
 0.1032955310000000
 0.1077882800000000
 0.0884118660000000
 0.1003438290000000
 0.1064376900000000
 0.0863780170000000
 0.1121359690000000
 0.1108447440000000
 0.0918927550000000
 0.1280879970000000
 0.1323370010000000
 0.1268221930000000
 0.1354242650000000
 0.1318890390000000
 0.1366029760000000
 0.1340190580000000
 0.1735807200000000
 0.1808074770000000
 0.1480426980000000
 0.1503061840000000
 0.0886809630000000
 0.1323241500000000
 0.1357806650000000
 0.1391902470000000
 0.1357220680000000
 0.1349881750000000
 0.1012515560000000
 0.1309677630000000
 0.1276640610000000
 0.0953392130000000
 0.1269143140000000
 0.1766277560000000
 0.1653604720000000
 0.1462587420000000
 0.1415548620000000
 0.1206352340000000
 0.0909441700000000
 0.1141769420000000
 0.0816569570000000
 0.1394274280000000
 0.0879395990000000
 0.0983889020000000
 0.0980360640000000
 0.1050077600000000
 0.1252307210000000
 0.1078063700000000
 0.1140264340000000
 0.1040988450000000
 0.0938736630000000
 0.0916443980000000
 0.0998818990000000
 0.0884460170000000
 0.0902291350000000
 0.0922625640000000
 0.0869441510000000
 0.0900282020000000
 0.0921435540000000
 0.0915805640000000
 0.0931980880000000
 0.0909153260000000
 0.0862922520000000
 0.0930639920000000
 0.0863041950000000
 0.0931001710000000
 0.0844712110000000
 0.0898236360000000
 0.0908096560000000
 0.0907497320000000
 0.0918052430000000
 0.0899700940000000
 0.0914374590000000
 0.1021812830000000
 0.0977402850000000
 0.0917946980000000
 0.0926862910000000
 0.0930982850000000
 0.0929975040000000
 0.0881263540000000
 0.0855021380000000
 0.0883559920000000
 0.1009061910000000
 0.0909915920000000
 0.0840791220000000
 0.0878805130000000
 0.0951719420000000
 0.0918279420000000
 0.0870257260000000
 0.0912402270000000
 0.0944220560000000
 0.0881213260000000
 0.0876239160000000
 0.0923112440000000
 0.0921767290000000
 0.0922091350000000
 0.0946600060000000
 0.0955621460000000
 0.0909046400000000
 0.0932459290000000
 0.0900330900000000
 0.0867577450000000
 0.0899450210000000
 0.0907880750000000
 0.1050879380000000
 0.0912851350000000
 0.0942408180000000
 0.0952215990000000
 0.0879207410000000
 0.0876892170000000
 0.0943068880000000
 0.0941081200000000
 0.0928383360000000
 0.0942214730000000
 0.0890395990000000
 0.0933152120000000
 0.0940712440000000
 0.0924130030000000
 0.0948908310000000
 0.0927415350000000
 0.0894970590000000
 0.0993103870000000
 0.0911038980000000
 0.0947964750000000
 0.0959063230000000
 0.0891459670000000
 0.0952887870000000
 0.0966955300000000
 0.0885597190000000
 0.0971687740000000
 0.0902103480000000
 0.0999474800000000
 0.1045890610000000
 0.0869153760000000
 0.0923426020000000
 0.0940735490000000
 0.0883688430000000
 0.0941057450000000
 0.0948787480000000
 0.0926378220000000
 0.0949306400000000
 0.0888118460000000
 0.0908694400000000
 0.0958770600000000
 0.0971775050000000
 0.0937341900000000
 0.0945533580000000
 0.0920758790000000
 0.1074079250000000
 0.0961336560000000
 0.0991447930000000
 0.0924445000000000
 0.0930929070000000
 0.0982186280000000
 0.0980549200000000
 0.0968102100000000
 0.1001902480000000
 0.0945588750000000
 0.0927737320000000
 0.0902283670000000
 0.0936218160000000
 0.0936334090000000
 0.0974718160000000
 0.0959650590000000
 0.0917984680000000
 0.0894410470000000
 0.0960835110000000
 0.1088125030000000
 0.0945579680000000
 0.0912844370000000
 0.0977003360000000
 0.0890743790000000
 0.0960424440000000
 0.1075395750000000
 0.0912295420000000
 0.0916474020000000
 0.0873018080000000
 0.0964669390000000
 0.0943456510000000
 0.0999323240000000
 0.1056044840000000
 0.1025574480000000
 0.1013211170000000
 0.1011605520000000
 0.0931478720000000
 0.0961071170000000
 0.0909809060000000
 0.0918880050000000
 0.0989944950000000
 0.0985559610000000
 0.0935253650000000
 0.0910899990000000
 0.0952482090000000
 0.0994435750000000
 0.0952806850000000
 0.0980996190000000
 0.0959591240000000
 0.0946357010000000
 0.0977036890000000
 0.1007172700000000
 0.0990713210000000
 0.0949821830000000
 0.0954988000000000
 0.1003928570000000
 0.1048717090000000
 0.1028951310000000
 0.1043235240000000
 0.1053392960000000
 0.1096876840000000
 0.1128778240000000
 0.1119253290000000
 0.1102222490000000
 0.1105702680000000
 0.0873916240000000
 0.0906891100000000
 0.0883919610000000
 0.0880764880000000
 0.0953356510000000
 0.0933651490000000
 0.0927914020000000
 0.0852793440000000
 0.0944208690000000
 0.0970133780000000
 0.0904116310000000
 0.0869390520000000
 0.0889418900000000
 0.0901671160000000
 0.0920116250000000
 0.0931188180000000
 0.0941349380000000
 0.0940565070000000
 0.0926140050000000
 0.0881714710000000
 0.0907837440000000
 0.0897907420000000
 0.0866135220000000
 0.0913629380000000
 0.0929810220000000
 0.0913057390000000
 0.0938406280000000
 0.0973826280000000
 0.0899282590000000
 0.0904989320000000
 0.0948897140000000
 0.0902739030000000
 0.0944101130000000
 0.0894402780000000
 0.0981193140000000
 0.0930176190000000
 0.0967064950000000
 0.0998988700000000
 0.0943134530000000
 0.0965932820000000
 0.0939891810000000
 0.0939571230000000
 0.0927979670000000
 0.0969031680000000
 0.0952771930000000
 0.0942430540000000
 0.0924215230000000
 0.0962730600000000
 0.1168034620000000
 0.0907017510000000
 0.0924257840000000
 0.0935090210000000
 0.0938621390000000
 0.0886837580000000
 0.1017768320000000
 0.0914918650000000
 0.0965745640000000
 0.1006391170000000
 0.0905677950000000
 0.0974914410000000
 0.1060188510000000
 0.1008943180000000
 0.1038110990000000
 0.0923400880000000
 0.0978715870000000
 0.0913331170000000
 0.0965198780000000
 0.0969695170000000
 0.1107624020000000
 0.0989875810000000
 0.0959885960000000
 0.1096665210000000
 0.1009634600000000
 0.1025207810000000
 0.1072756450000000
 0.1135269990000000
 0.1085608640000000
 0.1052952960000000
 0.0943645070000000
 0.0958986410000000
 0.0896558780000000
 0.0911585830000000
 0.0879082390000000
 0.0904312560000000
 0.0932486540000000
 0.0891357700000000
 0.0936966150000000
 0.0910260940000000
 0.0879891850000000
 0.0874381380000000
 0.0927226790000000
 0.0860320930000000
 0.0875028110000000
 0.0910942590000000
 0.0994348440000000
 0.0926823800000000
 0.0936320120000000
 0.0895064180000000
 0.0955519480000000
 0.0946353520000000
 0.0850541760000000
 0.0914895610000000
 0.0920054080000000
 0.0874720810000000
 0.0887181890000000
 0.0800260930000000
 0.0865026840000000
 0.0935600760000000
 0.0918967350000000
 0.0924364690000000
 0.0919507930000000
 0.0886709760000000
 0.0982983870000000
 0.0865216800000000
 0.0916428630000000
 0.0909559030000000
 0.0946544890000000
 0.0912480490000000
 0.0899329380000000
 0.0880137000000000
 0.0906437830000000
 0.0951337390000000
 0.0876003800000000
 0.0865209830000000
 0.0911069700000000
 0.0902918530000000
 0.0854337640000000
 0.0908418530000000
 0.0945096380000000
 0.0912909330000000
 0.1053353150000000
 0.0890630660000000
 0.0898612810000000
 0.0907956880000000
 0.0869271100000000
 0.0934087290000000
 0.0985416450000000
 0.0912248630000000
 0.0901690720000000
 0.0884464370000000
 0.0928205260000000
 0.0973674720000000
 0.0873230400000000
 0.0927434210000000
 0.0887308300000000
 0.0950819870000000
 0.0876443790000000
 0.0880669190000000
 0.0949621390000000
 0.0988305070000000
 0.0903072180000000
 0.0923358980000000
 0.0894633960000000
 0.0881996880000000
 0.0864044180000000
 0.0855828750000000
 0.0977947620000000
 0.0901442080000000
 0.0947503800000000
 0.0865887290000000
 0.0883794590000000
 0.0941622470000000
 0.0899517950000000
 0.0911062720000000
 0.0912615290000000
 0.0912006270000000
 0.0905328750000000
 0.0907606270000000
 0.0930711160000000
 0.0974886470000000
 0.0967566410000000
 0.0966933650000000
 0.0872880500000000
 0.0874873070000000
 0.0934653700000000
 0.1023975120000000
 0.0970318150000000
 0.0939853390000000
 0.0950103290000000
 0.0936729390000000
 0.0958552700000000
 0.0927821830000000
 0.1053964260000000
 0.0991793650000000
 0.1316163090000000
 0.0985522600000000
 0.0995686600000000
 0.0890167600000000
 0.0934276570000000
 0.0973507810000000
 0.0971095490000000
 0.0889580240000000
 0.0990229900000000
 0.0995100630000000
 0.1003473900000000
 0.0939942090000000
 0.1111221540000000
 0.1156520590000000
 0.1038750740000000
 0.0962454730000000
 0.0929720110000000
 0.0888712110000000
 0.0889661250000000
 0.0955420310000000
 0.1145220970000000
 0.1165231890000000
 0.1193422630000000
 0.0909304810000000
 0.0952315170000000
 0.0963037900000000
 0.0872769440000000
 0.0938635350000000
 0.1220979210000000
 0.1138777420000000
 0.1014380320000000
 0.0906953260000000
 0.0880417760000000
 0.0873393820000000
 0.0951155100000000
 0.0833669500000000
 0.1381662330000000
 0.2163680020000000
 0.0865445890000000
 0.0884534910000000
 0.0882255290000000
 0.0939835230000000
 0.0888627610000000
 0.0958050530000000
 0.0848690260000000
 0.0931929900000000
 0.0902593760000000
 0.0861410450000000
 0.0900414710000000
 0.0880568620000000
 0.1000243040000000
 0.0959166600000000
 0.0870400430000000
 0.0953721770000000
 0.1713279900000000
 0.1090116210000000
 0.1004844190000000
 0.0951885650000000
 0.0892653260000000
 0.0925853010000000
 0.0928364500000000
 0.0904282530000000
 0.0944722730000000
 0.0983216450000000
 0.0895211550000000
 0.0908660180000000
 0.0967177390000000
 0.0935082530000000
 0.0958825770000000
 0.0984644000000000
 0.0900671040000000
 0.0884458780000000
 0.0906427350000000
 0.0932582210000000
 0.0935130720000000
 0.0944878470000000
 0.0893765820000000
 0.1020892320000000
 0.0862140300000000
 0.0871628940000000
 0.0960809260000000
 0.0847455480000000
 0.0934365960000000
 0.0957014790000000
 0.0952762160000000
 0.0947741270000000
 0.0944339300000000
 0.0979718790000000
 0.0937672950000000
 0.0991165080000000
 0.0945588750000000
 0.0944319740000000
 0.0983413390000000
 0.0998932820000000
 0.0882032500000000
 0.0931709200000000
 0.1059540380000000
 0.0919692300000000
 0.0919163610000000
 0.0880810970000000
 0.0968924820000000
 0.0860541640000000
 0.0885035670000000
 0.0934820630000000
 0.0898682650000000
 0.0935493200000000
 0.0902788620000000
 0.0934646720000000
 0.0929748050000000
 0.0923982660000000
 0.0920882400000000
 0.0926915290000000
 0.0949803680000000
 0.0931422850000000
 0.0871325820000000
 0.0951183740000000
 0.1056129340000000
 0.0881324300000000
 0.1028424010000000
 0.0934173200000000
 0.1110402300000000
 0.1064116380000000
 0.1131270870000000
 0.1080225980000000
 0.1096329980000000
 0.1174015830000000
 0.1088775250000000
 0.1010470600000000
 0.0902644740000000
 0.0919236940000000
 0.0916569700000000
 0.0943054910000000
 0.0956661390000000
 0.0898044300000000
 0.0948328620000000
 0.0932033270000000
 0.0894983160000000
 0.0933390280000000
 0.0861406970000000
 0.0873949070000000
 0.0804289380000000
 0.0923065640000000
 0.0923600620000000
 0.0864886450000000
 0.0860186140000000
 0.0867279920000000
 0.0879306590000000
 0.0915434080000000
 0.0888443920000000
 0.0920137200000000
 0.0980776890000000
 0.1007943050000000
 0.1129204970000000
 0.0921490020000000
 0.0957816560000000
 0.1063605150000000
 0.0960958030000000
 0.0871866390000000
 0.0921771480000000
 0.1032932260000000
 0.0910930720000000
 0.0922087860000000
 0.0863169760000000
 0.0896136940000000
 0.0950664820000000
 0.0917453190000000
 0.0920822340000000
 0.0919028110000000
 0.1277910320000000
 0.0934441390000000
 0.0876793000000000
 0.0913287870000000
 0.1327700170000000
 0.0899489320000000
 0.0964068060000000
 0.1018112630000000
 0.0992804250000000
 0.0940935230000000
 0.1403877440000000
 0.1001326990000000
 0.0936609260000000
 0.0844450900000000
 0.0879470020000000
 0.1175372150000000
 0.0934289830000000
 0.1220925420000000
 0.1282183210000000
 0.1520405530000000
