8.451e-06 1
1.6972e-05 2
2.5563e-05 3
3.4154e-05 4
4.2814e-05 5
5.1545e-05 6
6.0484e-05 7
6.9493e-05 8
7.8503e-05 9
8.7652e-05 10
9.6801e-05 11
0.0001063 12
0.000115869 13
0.000125507 14
0.000135424 15
0.000145411 16
0.000155468 17
0.000165525 18
0.000175582 19
0.000185639 20
0.000195766 21
0.000205893 22
0.00021602 23
0.000226287 24
0.000236624 25
0.000246961 26
0.000257367 27
0.000267774 28
0.00027825 29
0.000288726 30
0.000299202 31
0.000309678 32
0.000320155 33
0.000330701 34
0.000341247 35
0.000351793 36
0.000362339 37
0.000372886 38
0.000383501 39
0.000394117 40
0.000404733 41
0.000415489 42
0.000426245 43
0.000437071 44
0.000447966 45
0.000458862 46
0.000469758 47
0.000480654 48
0.000491619 49
0.000502584 50
0.000513549 51
0.000524654 52
0.000535968 53
0.000547352 54
0.000558737 55
0.000570261 56
0.000581854 57
0.000593448 58
0.000605042 59
0.000616705 60
0.000628438 61
0.000640171 62
0.000651974 63
0.000663847 64
0.00067572 65
0.000687594 66
0.000699468 67
0.000711411 68
0.000723354 69
0.000735366 70
0.000747378 71
0.000759391 72
0.000771404 73
0.000783417 74
0.000795639 75
0.000807931 76
0.000820293 77
0.000832655 78
0.000845087 79
0.000857519 80
0.000870021 81
0.000882523 82
0.000895025 83
0.000907736 84
0.000920726 85
0.000933786 86
0.000946986 87
0.000960256 88
0.000973526 89
0.000986796 90
0.00100014 91
0.00101355 92
0.00102702 93
0.0010405 94
0.00105398 95
0.00106753 96
0.00108129 97
0.00109512 98
0.00110895 99
0.00112278 100
0.0011366 101
0.0011505 102
0.0011644 103
0.00117837 104
0.00119234 105
0.00120631 106
0.00122049 107
0.00123473 108
0.00124898 109
0.00126337 110
0.00127783 111
0.00129263 112
0.00130786 113
0.00132315 114
0.00133852 115
0.00135409 116
0.00136995 117
0.0013858 118
0.001402 119
0.00141828 120
0.00143462 121
0.00145215 122
0.00146968 123
0.00148742 124
0.00150558 125
0.00152381 126
0.00154231 127
0.00156264 128
0.00158352 129
0.00160531 130
0.00162731 131
0.00165211 132
0.00168312 133
0.00171971 134
0.00175826 135
0.00179738 136
0.00183719 137
0.00187804 138
0.00191904 139
0.00196046 140
0.00200201 141
0.00204385 142
0.00208575 143
0.00212773 144
0.00217054 145
0.0022158 146
0.00226148 147
0.00230729 148
0.00235325 149
0.00239948 150
0.00244621 151
0.002493 152
0.00253987 153
0.0025868 154
0.00263408 155
0.00268165 156
0.00272977 157
0.00277796 158
0.00282643 159
0.00287518 160
0.00292491 161
0.00297477 162
0.00302464 163
0.00307472 164
0.00312493 165
0.00317543 166
0.00322599 167
0.00327663 168
0.00332754 169
0.00337853 170
0.00342951 171
0.00348057 172
0.00353211 173
0.00358365 174
0.0036354 175
0.00368723 176
0.00373912 177
0.00379143 178
0.00384402 179
0.00389689 180
0.0039499 181
0.00400319 182
0.00405662 183
0.00411012 184
0.00416362 185
0.00421726 186
0.00427104 187
0.00432488 188
0.00437873 189
0.00443265 190
0.00448657 191
0.00454056 192
0.00459461 193
0.00464867 194
0.0047028 195
0.00475693 196
0.00481126 197
0.0048656 198
0.00492001 199
0.00497441 200
0.00502896 201
0.00508358 202
0.0051384 203
0.0051933 204
0.00524819 205
0.00530309 206
0.00535805 207
0.00541316 208
0.00546854 209
0.00552428 210
0.00558008 211
0.00563602 212
0.00569211 213
0.00574833 214
0.00580476 215
0.00586147 216
0.00591825 217
0.00597517 218
0.0060323 219
0.00608957 220
0.00614761 221
0.00620572 222
0.00626383 223
0.00632201 224
0.00638025 225
0.00643885 226
0.00649752 227
0.00655695 228
0.0066166 229
0.00667666 230
0.0067368 231
0.00679714 232
0.00685776 233
0.00691922 234
0.00698075 235
0.00704228 236
0.00710409 237
0.00716597 238
0.00722799 239
0.00729001 240
0.00735203 241
0.00741447 242
0.00747691 243
0.00753963 244
0.00760249 245
0.00766541 246
0.00772841 247
0.00779183 248
0.00785531 249
0.00791929 250
0.0079841 251
0.00804898 252
0.00811394 253
0.00817917 254
0.00824447 255
0.00830998 256
0.0083757 257
0.00844143 258
0.0085075 259
0.00857371 260
0.00863999 261
0.00870669 262
0.00877345 263
0.00884085 264
0.00890825 265
0.00897585 266
0.00904353 267
0.00911128 268
0.00917902 269
0.00924677 270
0.00931473 271
0.00938289 272
0.0094512 273
0.0095195 274
0.00958809 275
0.00965674 276
0.00972554 277
0.00979468 278
0.00986396 279
0.00993325 280
0.0100028 281
0.0100728 282
0.010143 283
0.0102132 284
0.0102836 285
0.0103543 286
0.0104252 287
0.0104966 288
0.0105681 289
0.0106396 290
0.0107111 291
0.0107827 292
0.0108544 293
0.0109263 294
0.0109983 295
0.0110709 296
0.0111435 297
0.011216 298
0.0112886 299
0.0113612 300
0.011434 301
0.0115069 302
0.0115803 303
0.0116541 304
0.0117278 305
0.0118017 306
0.0118755 307
0.0119497 308
0.012024 309
0.0120985 310
0.012173 311
0.0122477 312
0.0123226 313
0.0123975 314
0.0124724 315
0.0125474 316
0.0126226 317
0.0126978 318
0.012773 319
0.0128485 320
0.0129251 321
0.0130019 322
0.0130787 323
0.0131563 324
0.013234 325
0.0133118 326
0.0133901 327
0.0134684 328
0.0135469 329
0.0136255 330
0.0137041 331
0.0137833 332
0.0138626 333
0.0139425 334
0.0140226 335
0.0141027 336
0.014184 337
0.0142656 338
0.0143473 339
0.0144291 340
0.0145112 341
0.0145937 342
0.0146766 343
0.0147601 344
0.0148441 345
0.0149281 346
0.0150126 347
0.0150975 348
0.0151824 349
0.0152672 350
0.0153544 351
0.015442 352
0.0155298 353
0.0156177 354
0.015706 355
0.0157946 356
0.0158833 357
0.015972 358
0.0160612 359
0.0161504 360
0.0162396 361
0.0163293 362
0.0164202 363
0.0165112 364
0.0166022 365
0.0166934 366
0.0167858 367
0.0168783 368
0.0169718 369
0.0170657 370
0.0171601 371
0.0172553 372
0.0173507 373
0.0174461 374
0.0175415 375
0.0176372 376
0.0177346 377
0.0178329 378
0.0179321 379
0.0180313 380
0.0181327 381
0.0182349 382
0.0183391 383
0.0184436 384
0.0185482 385
0.0186534 386
0.0187591 387
0.0188648 388
0.0189708 389
0.0190767 390
0.0191827 391
0.0192897 392
0.0193974 393
0.0195056 394
0.0196138 395
0.0197222 396
0.0198308 397
0.01994 398
0.0200498 399
0.0201598 400
0.0202712 401
0.0203826 402
0.0204944 403
0.020607 404
0.0207201 405
0.0208332 406
0.020947 407
0.0210609 408
0.0211755 409
0.0212904 410
0.0214062 411
0.021522 412
0.0216382 413
0.0217551 414
0.0218719 415
0.0219888 416
0.0221059 417
0.0222231 418
0.0223404 419
0.0224583 420
0.0225764 421
0.0226945 422
0.0228126 423
0.022931 424
0.0230505 425
0.0231705 426
0.0232915 427
0.0234131 428
0.0235347 429
0.0236574 430
0.0237804 431
0.0239038 432
0.0240278 433
0.0241521 434
0.0242765 435
0.024401 436
0.0245259 437
0.0246512 438
0.0247769 439
0.0249036 440
0.0250305 441
0.0251579 442
0.0252857 443
0.0254139 444
0.0255426 445
0.0256714 446
0.0258011 447
0.0259309 448
0.0260612 449
0.0261916 450
0.0263227 451
0.0264543 452
0.026586 453
0.026718 454
0.0268501 455
0.0269826 456
0.0271155 457
0.0272491 458
0.0273827 459
0.0275164 460
0.0276503 461
0.0277842 462
0.0279183 463
0.0280526 464
0.028187 465
0.028322 466
0.0284572 467
0.0285925 468
0.0287281 469
0.0288637 470
0.0289995 471
0.0291354 472
0.0292718 473
0.0294081 474
0.0295445 475
0.029681 476
0.0298184 477
0.0299558 478
0.0300938 479
0.0302322 480
0.0303707 481
0.0305094 482
0.030649 483
0.0307889 484
0.0309297 485
0.0310707 486
0.031212 487
0.0313534 488
0.031495 489
0.0316367 490
0.0317789 491
0.0319216 492
0.0320647 493
0.0322078 494
0.0323516 495
0.0324957 496
0.0326398 497
0.032784 498
0.0329285 499
0.033073 500
0.033218 501
0.0333636 502
0.0335095 503
0.0336556 504
0.0338025 505
0.0339494 506
0.0340964 507
0.0342441 508
0.0343919 509
0.0345403 510
0.0346888 511
0.0348375 512
0.0349864 513
0.0351359 514
0.0352865 515
0.0354373 516
0.0355886 517
0.0357402 518
0.035893 519
0.0360459 520
0.036199 521
0.0363527 522
0.0365066 523
0.0366611 524
0.0368157 525
0.0369704 526
0.0371258 527
0.0372813 528
0.0374368 529
0.0375928 530
0.0377489 531
0.0379063 532
0.0380642 533
0.0382224 534
0.0383806 535
0.038539 536
0.0386974 537
0.0388558 538
0.039015 539
0.0391743 540
0.0393339 541
0.0394937 542
0.0396541 543
0.0398158 544
0.0399776 545
0.0401394 546
0.0403014 547
0.0404638 548
0.0406264 549
0.040789 550
0.0409523 551
0.0411158 552
0.0412793 553
0.0414432 554
0.0416072 555
0.0417714 556
0.0419358 557
0.0421004 558
0.0422652 559
0.0424308 560
0.0425968 561
0.0427638 562
0.0429308 563
0.0430979 564
0.0432649 565
0.0434326 566
0.0436009 567
0.0437697 568
0.0439386 569
0.0441081 570
0.0442776 571
0.0444474 572
0.0446173 573
0.0447871 574
0.0449572 575
0.0451275 576
0.0452977 577
0.0454683 578
0.04564 579
0.0458118 580
0.0459839 581
0.0461571 582
0.046331 583
0.0465052 584
0.04668 585
0.0468549 586
0.0470299 587
0.0472056 588
0.0473824 589
0.0475602 590
0.0477383 591
0.0479168 592
0.0480955 593
0.0482744 594
0.0484543 595
0.0486342 596
0.0488143 597
0.0489944 598
0.0491745 599
0.0493548 600
0.0495353 601
0.0497159 602
0.0498965 603
0.0500776 604
0.050259 605
0.0504416 606
0.0506243 607
0.0508074 608
0.0509905 609
0.0511737 610
0.0513573 611
0.051541 612
0.0517256 613
0.0519103 614
0.0520957 615
0.0522813 616
0.0524678 617
0.0526554 618
0.0528432 619
0.0530315 620
0.0532203 621
0.0534092 622
0.0535991 623
0.053789 624
0.0539794 625
0.0541698 626
0.0543603 627
0.0545509 628
0.0547418 629
0.054933 630
0.0551248 631
0.0553167 632
0.0555088 633
0.0557022 634
0.055896 635
0.0560903 636
0.0562845 637
0.0564787 638
0.0566729 639
0.0568676 640
0.0570624 641
0.0572576 642
0.0574531 643
0.0576498 644
0.057848 645
0.0580469 646
0.0582459 647
0.0584453 648
0.058645 649
0.058845 650
0.059046 651
0.0592475 652
0.0594494 653
0.0596514 654
0.0598534 655
0.0600567 656
0.06026 657
0.0604637 658
0.0606673 659
0.0608713 660
0.0610769 661
0.0612826 662
0.0614888 663
0.0616953 664
0.0619019 665
0.0621093 666
0.0623167 667
0.0625243 668
0.0627319 669
0.0629405 670
0.0631498 671
0.0633594 672
0.0635703 673
0.0637816 674
0.0639937 675
0.0642064 676
0.0644196 677
0.0646332 678
0.0648468 679
0.0650605 680
0.0652743 681
0.0654885 682
0.0657031 683
0.0659201 684
0.0661373 685
0.0663548 686
0.0665726 687
0.0667907 688
0.0670102 689
0.0672296 690
0.0674491 691
0.0676693 692
0.0678904 693
0.0681125 694
0.0683353 695
0.0685581 696
0.0687811 697
0.0690045 698
0.0692281 699
0.0694518 700
0.0696755 701
0.0698992 702
0.0701235 703
0.070348 704
0.0705728 705
0.070798 706
0.0710235 707
0.0712489 708
0.0714744 709
0.0717 710
0.0719261 711
0.0721523 712
0.0723789 713
0.072606 714
0.0728332 715
0.0730608 716
0.0732884 717
0.0735161 718
0.0737445 719
0.0739728 720
0.074202 721
0.0744318 722
0.0746625 723
0.0748931 724
0.0751239 725
0.075355 726
0.0755864 727
0.0758186 728
0.0760515 729
0.0762845 730
0.0765179 731
0.0767521 732
0.0769863 733
0.0772212 734
0.0774563 735
0.0776919 736
0.0779282 737
0.078165 738
0.0784019 739
0.0786401 740
0.0788794 741
0.0791187 742
0.0793615 743
0.0796055 744
0.0798495 745
0.0800943 746
0.0803391 747
0.080584 748
0.0808295 749
0.0810751 750
0.0813218 751
0.0815686 752
0.0818167 753
0.0820649 754
0.0823139 755
0.0825633 756
0.0828133 757
0.0830632 758
0.0833154 759
0.0835679 760
0.0838217 761
0.0840755 762
0.0843298 763
0.0845841 764
0.0848396 765
0.0850951 766
0.0853513 767
0.0856076 768
0.0858642 769
0.086121 770
0.0863784 771
0.086637 772
0.0868957 773
0.0871547 774
0.0874144 775
0.0876744 776
0.0879344 777
0.0881952 778
0.0884563 779
0.0887176 780
0.0889791 781
0.0892407 782
0.0895027 783
0.0897651 784
0.0900279 785
0.0902929 786
0.0905585 787
0.0908284 788
0.0910992 789
0.0913702 790
0.0916423 791
0.0919144 792
0.0921868 793
0.0924593 794
0.092732 795
0.0930058 796
0.0932802 797
0.0935547 798
0.0938298 799
0.094105 800
0.0943812 801
0.0946575 802
0.0949338 803
0.0952116 804
0.0954896 805
0.095768 806
0.0960464 807
0.0963251 808
0.096605 809
0.0968859 810
0.0971675 811
0.0974494 812
0.0977318 813
0.0980141 814
0.0982975 815
0.0985811 816
0.098865 817
0.0991493 818
0.0994337 819
0.0997183 820
0.100003 821
0.100288 822
0.100573 823
0.100859 824
0.101145 825
0.101432 826
0.101719 827
0.102007 828
0.102296 829
0.102584 830
0.102873 831
0.103163 832
0.103453 833
0.103744 834
0.104036 835
0.104329 836
0.104624 837
0.10492 838
0.105217 839
0.105515 840
0.105813 841
0.106112 842
0.106413 843
0.106715 844
0.107018 845
0.107321 846
0.107625 847
0.10793 848
0.108234 849
0.108539 850
0.108845 851
0.109151 852
0.109459 853
0.109769 854
0.110079 855
0.110391 856
0.110703 857
0.111015 858
0.111328 859
0.111641 860
0.111954 861
0.112268 862
0.112583 863
0.112898 864
0.113214 865
0.113529 866
0.113846 867
0.114162 868
0.114479 869
0.114796 870
0.115113 871
0.11543 872
0.115749 873
0.116068 874
0.116386 875
0.116705 876
0.117025 877
0.117344 878
0.117664 879
0.117985 880
0.118306 881
0.118627 882
0.11895 883
0.119273 884
0.119596 885
0.119921 886
0.120247 887
0.120572 888
0.120898 889
0.121225 890
0.121553 891
0.12188 892
0.12221 893
0.122539 894
0.122869 895
0.1232 896
0.123532 897
0.123864 898
0.124198 899
0.124532 900
0.124868 901
0.125203 902
0.12554 903
0.125877 904
0.126215 905
0.126554 906
0.126893 907
0.127233 908
0.127572 909
0.127913 910
0.128254 911
0.128595 912
0.128937 913
0.12928 914
0.129623 915
0.129967 916
0.13031 917
0.130654 918
0.130999 919
0.131345 920
0.131692 921
0.13204 922
0.132389 923
0.132738 924
0.133088 925
0.133438 926
0.133788 927
0.134139 928
0.13449 929
0.134842 930
0.135193 931
0.135546 932
0.135899 933
0.136252 934
0.136605 935
0.136959 936
0.137313 937
0.137667 938
0.138025 939
0.138383 940
0.138741 941
0.139099 942
0.139458 943
0.139818 944
0.140179 945
0.14054 946
0.140902 947
0.141263 948
0.141625 949
0.141988 950
0.142351 951
0.142715 952
0.14308 953
0.143445 954
0.143811 955
0.144178 956
0.144546 957
0.144915 958
0.145284 959
0.145654 960
0.146024 961
0.146395 962
0.146765 963
0.147136 964
0.147508 965
0.14788 966
0.148252 967
0.148625 968
0.148997 969
0.149371 970
0.149746 971
0.150121 972
0.150497 973
0.150874 974
0.151255 975
0.151635 976
0.152017 977
0.1524 978
0.152784 979
0.153169 980
0.153554 981
0.153939 982
0.154326 983
0.154714 984
0.155104 985
0.155497 986
0.155892 987
0.156286 988
0.156681 989
0.157077 990
0.157476 991
0.157876 992
0.158276 993
0.158677 994
0.159078 995
0.15948 996
0.159883 997
0.160286 998
0.160689 999
0.161093 1000
0.161498 1001
0.161904 1002
0.162311 1003
0.162718 1004
0.163125 1005
0.163533 1006
0.163944 1007
0.164356 1008
0.16477 1009
0.165186 1010
0.165604 1011
0.166021 1012
0.16644 1013
0.166861 1014
0.167285 1015
0.16771 1016
0.168135 1017
0.168561 1018
0.168988 1019
0.169415 1020
0.169843 1021
0.170272 1022
0.170702 1023
0.171134 1024
0.171569 1025
0.172004 1026
0.17244 1027
0.172876 1028
0.173313 1029
0.173751 1030
0.174188 1031
0.174629 1032
0.17507 1033
0.175512 1034
0.175955 1035
0.176398 1036
0.176844 1037
0.17729 1038
0.177737 1039
0.178185 1040
0.178633 1041
0.179082 1042
0.179533 1043
0.179985 1044
0.180437 1045
0.18089 1046
0.181344 1047
0.181799 1048
0.182254 1049
0.18271 1050
0.183167 1051
0.183624 1052
0.184083 1053
0.184542 1054
0.185001 1055
0.185462 1056
0.185923 1057
0.186385 1058
0.186846 1059
0.187311 1060
0.187775 1061
0.18824 1062
0.188705 1063
0.18917 1064
0.189636 1065
0.190102 1066
0.19057 1067
0.191038 1068
0.191507 1069
0.191977 1070
0.192447 1071
0.192919 1072
0.193391 1073
0.193863 1074
0.194336 1075
0.19481 1076
0.195286 1077
0.195762 1078
0.196238 1079
0.196718 1080
0.197199 1081
0.197679 1082
0.198162 1083
0.198645 1084
0.199129 1085
0.199613 1086
0.200099 1087
0.200585 1088
0.201072 1089
0.201559 1090
0.202046 1091
0.202535 1092
0.203024 1093
0.203517 1094
0.20401 1095
0.204505 1096
0.205003 1097
0.205501 1098
0.206 1099
0.2065 1100
0.207001 1101
0.207503 1102
0.208006 1103
0.208508 1104
0.209013 1105
0.209517 1106
0.210023 1107
0.210528 1108
0.211035 1109
0.211541 1110
0.212048 1111
0.212556 1112
0.213064 1113
0.213573 1114
0.214085 1115
0.214599 1116
0.215113 1117
0.215629 1118
0.216147 1119
0.216666 1120
0.217186 1121
0.217707 1122
0.218228 1123
0.218749 1124
0.219273 1125
0.219803 1126
0.220333 1127
0.220866 1128
0.221401 1129
0.221936 1130
0.222472 1131
0.223008 1132
0.223544 1133
0.224081 1134
0.22462 1135
0.225159 1136
0.225699 1137
0.22624 1138
0.226781 1139
0.227325 1140
0.227869 1141
0.228415 1142
0.22896 1143
0.229506 1144
0.230052 1145
0.230599 1146
0.231147 1147
0.231696 1148
0.232248 1149
0.232801 1150
0.233354 1151
0.233909 1152
0.234465 1153
0.235021 1154
0.235577 1155
0.236134 1156
0.236691 1157
0.237248 1158
0.237805 1159
0.238364 1160
0.238922 1161
0.239481 1162
0.24004 1163
0.240601 1164
0.241162 1165
0.241724 1166
0.242289 1167
0.242855 1168
0.243422 1169
0.243991 1170
0.24456 1171
0.24513 1172
0.245701 1173
0.246272 1174
0.246844 1175
0.247417 1176
0.247991 1177
0.248564 1178
0.249139 1179
0.249717 1180
0.250298 1181
0.250881 1182
0.251466 1183
0.252052 1184
0.252642 1185
0.253233 1186
0.253825 1187
0.254417 1188
0.255015 1189
0.255613 1190
0.256213 1191
0.256814 1192
0.257417 1193
0.258021 1194
0.258625 1195
0.259234 1196
0.259843 1197
0.260453 1198
0.261069 1199
0.261686 1200
0.262306 1201
0.262931 1202
0.263558 1203
0.264186 1204
0.264814 1205
0.265446 1206
0.266079 1207
0.266715 1208
0.267352 1209
0.26799 1210
0.268631 1211
0.269273 1212
0.269915 1213
0.270562 1214
0.271209 1215
0.271858 1216
0.272508 1217
0.273159 1218
0.273813 1219
0.274469 1220
0.275127 1221
0.275785 1222
0.276446 1223
0.277108 1224
0.277775 1225
0.278444 1226
0.279118 1227
0.279793 1228
0.280468 1229
0.281144 1230
0.281822 1231
0.2825 1232
0.283182 1233
0.283867 1234
0.284553 1235
0.285243 1236
0.285937 1237
0.286635 1238
0.287333 1239
0.288038 1240
0.288743 1241
0.289452 1242
0.290161 1243
0.290872 1244
0.291588 1245
0.292305 1246
0.293026 1247
0.29375 1248
0.294475 1249
0.2952 1250
0.295926 1251
0.296658 1252
0.297394 1253
0.29813 1254
0.298868 1255
0.29961 1256
0.300361 1257
0.301113 1258
0.301865 1259
0.302618 1260
0.303373 1261
0.304127 1262
0.304882 1263
0.305637 1264
0.306394 1265
0.307152 1266
0.307912 1267
0.308674 1268
0.309443 1269
0.310215 1270
0.310991 1271
0.31177 1272
0.312553 1273
0.313336 1274
0.31412 1275
0.314909 1276
0.3157 1277
0.316492 1278
0.317285 1279
0.318079 1280
0.318873 1281
0.319668 1282
0.320465 1283
0.321267 1284
0.322068 1285
0.322873 1286
0.32368 1287
0.324491 1288
0.325301 1289
0.326113 1290
0.326926 1291
0.32774 1292
0.328555 1293
0.329376 1294
0.330197 1295
0.331023 1296
0.331852 1297
0.332703 1298
0.333558 1299
0.334417 1300
0.335282 1301
0.336149 1302
0.337017 1303
0.337889 1304
0.338768 1305
0.339648 1306
0.340531 1307
0.341424 1308
0.342318 1309
0.343214 1310
0.344118 1311
0.345029 1312
0.34595 1313
0.346879 1314
0.34781 1315
0.348743 1316
0.349681 1317
0.350627 1318
0.351587 1319
0.352547 1320
0.353514 1321
0.354486 1322
0.355461 1323
0.35644 1324
0.357422 1325
0.358409 1326
0.359397 1327
0.360394 1328
0.361392 1329
0.362395 1330
0.363411 1331
0.364432 1332
0.365465 1333
0.366506 1334
0.367559 1335
0.368615 1336
0.369685 1337
0.370756 1338
0.37183 1339
0.372907 1340
0.373986 1341
0.375066 1342
0.37616 1343
0.377255 1344
0.378356 1345
0.379457 1346
0.380569 1347
0.381684 1348
0.382799 1349
0.383923 1350
0.385059 1351
0.386197 1352
0.387335 1353
0.388478 1354
0.389627 1355
0.390786 1356
0.391956 1357
0.393132 1358
0.394314 1359
0.395501 1360
0.39669 1361
0.397889 1362
0.399093 1363
0.400301 1364
0.401513 1365
0.402732 1366
0.403957 1367
0.405183 1368
0.406411 1369
0.407655 1370
0.408901 1371
0.410154 1372
0.411409 1373
0.412671 1374
0.413936 1375
0.415205 1376
0.416498 1377
0.417793 1378
0.419099 1379
0.420407 1380
0.421721 1381
0.423039 1382
0.424361 1383
0.425687 1384
0.427014 1385
0.428342 1386
0.429671 1387
0.431001 1388
0.432339 1389
0.433678 1390
0.435034 1391
0.436395 1392
0.437758 1393
0.439123 1394
0.440491 1395
0.441864 1396
0.443238 1397
0.444621 1398
0.446015 1399
0.447416 1400
0.448818 1401
0.450224 1402
0.451631 1403
0.45304 1404
0.454451 1405
0.455868 1406
0.457285 1407
0.458722 1408
0.460178 1409
0.461635 1410
0.463105 1411
0.464576 1412
0.466048 1413
0.46753 1414
0.469026 1415
0.470527 1416
0.472031 1417
0.473538 1418
0.475047 1419
0.476559 1420
0.478076 1421
0.479596 1422
0.48112 1423
0.482647 1424
0.48418 1425
0.485729 1426
0.487283 1427
0.488845 1428
0.490407 1429
0.491971 1430
0.493543 1431
0.495115 1432
0.496689 1433
0.49827 1434
0.49986 1435
0.501449 1436
0.503053 1437
0.504659 1438
0.506267 1439
0.507878 1440
0.509496 1441
0.511117 1442
0.512741 1443
0.514371 1444
0.516002 1445
0.517635 1446
0.519271 1447
0.520924 1448
0.522578 1449
0.524237 1450
0.525908 1451
0.527585 1452
0.529263 1453
0.530946 1454
0.532632 1455
0.53432 1456
0.536011 1457
0.537702 1458
0.539396 1459
0.541093 1460
0.542811 1461
0.544536 1462
0.546269 1463
0.54802 1464
0.54978 1465
0.551543 1466
0.553313 1467
0.555101 1468
0.556894 1469
0.558688 1470
0.560488 1471
0.562296 1472
0.564115 1473
0.565945 1474
0.567776 1475
0.569612 1476
0.57145 1477
0.573301 1478
0.575154 1479
0.577007 1480
0.578868 1481
0.58073 1482
0.582592 1483
0.584455 1484
0.58632 1485
0.588187 1486
0.590075 1487
0.591985 1488
0.593898 1489
0.595833 1490
0.597768 1491
0.599706 1492
0.601644 1493
0.6036 1494
0.605567 1495
0.607533 1496
0.609501 1497
0.611474 1498
0.61345 1499
0.615433 1500
0.617417 1501
0.619404 1502
0.621396 1503
0.62339 1504
0.625395 1505
0.627404 1506
0.629422 1507
0.631446 1508
0.633508 1509
0.635575 1510
0.637645 1511
0.639724 1512
0.641827 1513
0.643937 1514
0.646073 1515
0.648224 1516
0.650391 1517
0.652566 1518
0.654752 1519
0.656938 1520
0.659158 1521
0.661383 1522
0.663612 1523
0.665845 1524
0.668083 1525
0.67036 1526
0.672642 1527
0.674932 1528
0.677239 1529
0.679565 1530
0.681892 1531
0.684223 1532
0.686561 1533
0.688929 1534
0.691302 1535
0.693735 1536
0.696188 1537
0.698644 1538
0.701101 1539
0.703562 1540
0.706025 1541
0.708497 1542
0.71097 1543
0.713446 1544
0.715924 1545
0.718411 1546
0.720898 1547
0.723386 1548
0.725879 1549
0.728373 1550
0.730876 1551
0.73339 1552
0.735907 1553
0.738426 1554
0.740962 1555
0.743513 1556
0.746069 1557
0.748626 1558
0.751229 1559
0.753852 1560
0.756504 1561
0.759171 1562
0.761847 1563
0.764533 1564
0.767237 1565
0.769942 1566
0.772676 1567
0.775415 1568
0.77816 1569
0.780915 1570
0.783679 1571
0.786458 1572
0.789241 1573
0.792029 1574
0.794831 1575
0.797639 1576
0.800482 1577
0.803331 1578
0.806195 1579
0.809075 1580
0.811963 1581
0.814852 1582
0.817759 1583
0.820673 1584
0.823602 1585
0.82656 1586
0.829535 1587
0.832611 1588
0.835691 1589
0.838807 1590
0.841941 1591
0.845111 1592
0.848282 1593
0.851472 1594
0.854664 1595
0.857883 1596
0.861109 1597
0.864368 1598
0.867656 1599
0.870953 1600
0.874254 1601
0.877576 1602
0.880902 1603
0.884238 1604
0.887616 1605
0.891067 1606
0.894539 1607
0.898015 1608
0.901541 1609
0.905072 1610
0.908622 1611
0.912187 1612
0.915779 1613
0.919415 1614
0.923116 1615
0.926888 1616
0.930688 1617
0.934525 1618
0.938373 1619
0.94223 1620
0.946121 1621
0.950042 1622
0.954204 1623
0.958367 1624
0.962547 1625
0.966763 1626
0.970992 1627
0.975234 1628
0.979518 1629
0.983872 1630
0.988259 1631
0.992657 1632
0.997117 1633
1.00158 1634
1.00608 1635
1.0106 1636
1.01516 1637
1.01987 1638
1.0246 1639
1.02942 1640
1.03429 1641
1.03921 1642
1.04425 1643
1.04932 1644
1.05444 1645
1.05958 1646
1.06478 1647
1.07 1648
1.07529 1649
1.08062 1650
1.08603 1651
1.09147 1652
1.09691 1653
1.10235 1654
1.10785 1655
1.11337 1656
1.11892 1657
1.12455 1658
1.13026 1659
1.13616 1660
1.1422 1661
1.14827 1662
1.15446 1663
1.1607 1664
1.16699 1665
1.17334 1666
1.17971 1667
1.18627 1668
1.19286 1669
1.19945 1670
1.20606 1671
1.21291 1672
1.21981 1673
1.22672 1674
1.23388 1675
1.24104 1676
1.2482 1677
1.25554 1678
1.26307 1679
1.27067 1680
1.27829 1681
1.28605 1682
1.29388 1683
1.30172 1684
1.30964 1685
1.31758 1686
1.32565 1687
1.33372 1688
1.34205 1689
1.35063 1690
1.3599 1691
1.36957 1692
1.37944 1693
1.38942 1694
1.40022 1695
1.41114 1696
1.42268 1697
1.43467 1698
1.44683 1699
1.45902 1700
1.47231 1701
1.4858 1702
1.49974 1703
1.51376 1704
1.52783 1705
1.54192 1706
1.55636 1707
1.57113 1708
1.5861 1709
1.60115 1710
1.6164 1711
1.63193 1712
1.64749 1713
1.66399 1714
1.68229 1715
1.70061 1716
1.72057 1717
1.74059 1718
1.76125 1719
1.7823 1720
1.80402 1721
1.82627 1722
1.84914 1723
1.87319 1724
1.89839 1725
1.92708 1726
1.95615 1727
1.98928 1728
2.02249 1729
2.08907 1730
2.17647 1731
2.26393 1732
2.35195 1733
2.44014 1734
2.52877 1735
2.61772 1736
2.70679 1737
2.79622 1738
2.88566 1739
2.97532 1740
3.06509 1741
3.15499 1742
3.24494 1743
3.33504 1744
3.42561 1745
3.51619 1746
3.60687 1747
3.69781 1748
3.78882 1749
3.88005 1750
3.97135 1751
4.06273 1752
4.15412 1753
4.24571 1754
4.33737 1755
4.42905 1756
4.52118 1757
4.61347 1758
4.70577 1759
4.79809 1760
4.89047 1761
4.98303 1762
5.07571 1763
5.16867 1764
5.26168 1765
5.35477 1766
5.44792 1767
5.54118 1768
5.63458 1769
5.72806 1770
5.82171 1771
5.91542 1772
6.00927 1773
6.1032 1774
6.19726 1775
6.29135 1776
6.38558 1777
6.47987 1778
6.5742 1779
6.66861 1780
6.76315 1781
6.85768 1782
6.95229 1783
7.0469 1784
7.14162 1785
7.23645 1786
7.33135 1787
7.42648 1788
7.52161 1789
7.61686 1790
7.71218 1791
7.80764 1792
7.90324 1793
7.99888 1794
8.09457 1795
8.19035 1796
8.28615 1797
8.38195 1798
8.47785 1799
8.57382 1800
8.66982 1801
8.76584 1802
8.86193 1803
8.95802 1804
9.05417 1805
9.15034 1806
9.24653 1807
9.34274 1808
9.43896 1809
9.53524 1810
9.63156 1811
9.72796 1812
9.82443 1813
9.92107 1814
10.0178 1815
10.1145 1816
10.2113 1817
10.3081 1818
10.4049 1819
10.5018 1820
10.5989 1821
10.6961 1822
10.7934 1823
10.8907 1824
10.988 1825
11.0853 1826
11.1827 1827
11.2801 1828
11.3775 1829
11.475 1830
11.5726 1831
11.6704 1832
11.7683 1833
11.8661 1834
11.964 1835
12.0624 1836
12.1608 1837
12.2592 1838
12.3577 1839
12.4562 1840
12.5547 1841
12.6533 1842
12.7519 1843
12.8506 1844
12.9495 1845
13.0486 1846
13.1479 1847
13.2473 1848
13.3468 1849
13.4464 1850
13.546 1851
13.6456 1852
13.7452 1853
13.8449 1854
13.9446 1855
14.0445 1856
14.1444 1857
14.2444 1858
14.3443 1859
14.4443 1860
14.5444 1861
14.6445 1862
14.7448 1863
14.8452 1864
14.9457 1865
15.0465 1866
15.1473 1867
15.2481 1868
15.3493 1869
15.4505 1870
15.5519 1871
15.6535 1872
15.7552 1873
15.857 1874
15.9589 1875
16.0609 1876
16.1628 1877
16.2649 1878
16.367 1879
16.4692 1880
16.5716 1881
16.674 1882
16.7767 1883
16.8796 1884
16.9826 1885
17.0857 1886
17.1887 1887
17.2923 1888
17.3959 1889
17.4995 1890
17.6031 1891
17.7068 1892
17.8106 1893
17.9146 1894
18.0187 1895
18.1229 1896
18.2271 1897
18.3315 1898
18.4361 1899
18.541 1900
18.6458 1901
18.7508 1902
18.8558 1903
18.9609 1904
19.066 1905
19.1711 1906
19.2764 1907
19.3817 1908
19.4872 1909
19.5928 1910
19.6987 1911
19.8047 1912
19.9108 1913
20.0171 1914
20.1239 1915
20.2306 1916
20.3374 1917
20.4447 1918
20.5523 1919
20.6599 1920
20.7676 1921
20.8759 1922
20.9855 1923
21.0957 1924
21.2061 1925
21.3169 1926
21.4277 1927
21.5386 1928
21.6497 1929
21.7613 1930
21.873 1931
21.9848 1932
22.0969 1933
22.2094 1934
22.322 1935
22.4347 1936
22.55 1937
22.6653 1938
22.782 1939
22.8991 1940
23.0164 1941
23.1357 1942
23.2555 1943
23.3767 1944
23.4979 1945
23.6201 1946
23.7429 1947
23.8662 1948
23.9902 1949
24.1148 1950
24.24 1951
24.3664 1952
24.4944 1953
24.6239 1954
24.7534 1955
24.8872 1956
25.0212 1957
25.1554 1958
25.294 1959
25.4419 1960
25.5951 1961
25.7493 1962
25.9074 1963
26.0673 1964
26.2339 1965
26.4017 1966
26.5698 1967
26.7406 1968
26.9235 1969
27.1067 1970
27.29 1971
27.4738 1972
27.6586 1973
27.8437 1974
28.0289 1975
28.2142 1976
28.3995 1977
28.5851 1978
28.7707 1979
28.9571 1980
29.1436 1981
29.3302 1982
29.5169 1983
29.7036 1984
29.8902 1985
30.0771 1986
30.2639 1987
30.4509 1988
30.6379 1989
30.8249 1990
31.0121 1991
31.1994 1992
31.387 1993
31.5747 1994
31.7627 1995
31.9507 1996
32.1388 1997
32.3272 1998
32.5156 1999
32.705 2000
32.8946 2001
33.0842 2002
33.274 2003
33.4642 2004
33.6548 2005
33.8455 2006
34.0365 2007
34.2275 2008
34.4185 2009
34.6096 2010
34.8008 2011
34.9922 2012
35.1836 2013
35.3754 2014
35.5675 2015
35.7602 2016
35.953 2017
36.1459 2018
36.3393 2019
36.5329 2020
36.7264 2021
36.9201 2022
37.1143 2023
37.3085 2024
37.5028 2025
37.6972 2026
37.8917 2027
38.0866 2028
38.2816 2029
38.4767 2030
38.6717 2031
38.8669 2032
39.0621 2033
39.2575 2034
39.453 2035
39.6488 2036
39.8448 2037
40.0408 2038
40.2371 2039
40.4337 2040
40.6302 2041
40.8269 2042
41.0238 2043
41.2207 2044
41.4177 2045
41.6151 2046
41.8124 2047
42.0098 2048
42.2074 2049
42.4052 2050
42.6032 2051
42.8012 2052
42.9993 2053
43.1973 2054
43.3956 2055
43.594 2056
43.7924 2057
43.991 2058
44.1898 2059
44.3887 2060
44.5876 2061
44.7865 2062
44.9859 2063
45.1853 2064
45.3848 2065
45.5843 2066
45.7838 2067
45.9838 2068
46.1839 2069
46.3841 2070
46.5843 2071
46.7846 2072
46.985 2073
47.1855 2074
47.386 2075
47.5867 2076
47.7874 2077
47.9883 2078
48.1894 2079
48.3905 2080
48.5916 2081
48.7927 2082
48.994 2083
49.1957 2084
49.3973 2085
49.5991 2086
49.8011 2087
50.0031 2088
50.2052 2089
50.4074 2090
50.6101 2091
50.813 2092
51.0159 2093
51.2192 2094
51.4229 2095
51.6267 2096
51.8306 2097
52.0347 2098
52.2388 2099
52.443 2100
52.6473 2101
52.8516 2102
53.056 2103
53.2605 2104
53.4649 2105
53.6694 2106
53.8739 2107
54.0794 2108
54.285 2109
54.4908 2110
54.6965 2111
54.9024 2112
55.1083 2113
55.3144 2114
55.5204 2115
55.7265 2116
55.9328 2117
56.1391 2118
56.3456 2119
56.5522 2120
56.759 2121
56.9658 2122
57.1727 2123
57.3798 2124
57.5872 2125
57.7946 2126
58.0025 2127
58.2103 2128
58.4184 2129
58.6264 2130
58.8347 2131
59.043 2132
59.2514 2133
59.4599 2134
59.6685 2135
59.8774 2136
60.0863 2137
60.2954 2138
60.5045 2139
60.7137 2140
60.9229 2141
61.1324 2142
61.3423 2143
61.5523 2144
61.7623 2145
61.9724 2146
62.1826 2147
62.393 2148
62.6035 2149
62.814 2150
63.0252 2151
63.2364 2152
63.4478 2153
63.6592 2154
63.8708 2155
64.0825 2156
64.2946 2157
64.5069 2158
64.7197 2159
64.9332 2160
65.1467 2161
65.3604 2162
65.574 2163
65.7878 2164
66.0022 2165
66.218 2166
66.4339 2167
66.65 2168
66.8662 2169
67.0829 2170
67.2999 2171
67.517 2172
67.7352 2173
67.9538 2174
68.1726 2175
68.3928 2176
68.6132 2177
68.8344 2178
69.056 2179
69.2777 2180
69.4996 2181
69.7218 2182
69.9463 2183
70.1717 2184
70.3999 2185
70.6284 2186
70.858 2187
71.0881 2188
71.3194 2189
71.5511 2190
71.7835 2191
72.0191 2192
72.2567 2193
72.496 2194
72.7358 2195
72.9767 2196
73.2187 2197
73.4609 2198
73.7033 2199
73.9462 2200
74.1893 2201
74.4336 2202
74.6779 2203
74.9232 2204
75.1685 2205
75.414 2206
75.6599 2207
75.9071 2208
76.1585 2209
76.4118 2210
76.6658 2211
76.9199 2212
77.1758 2213
77.4379 2214
77.7013 2215
77.9669 2216
78.2396 2217
78.5169 2218
78.7957 2219
79.0769 2220
79.3588 2221
79.6418 2222
79.9249 2223
80.2093 2224
80.4939 2225
80.7803 2226
81.0667 2227
81.3553 2228
81.6441 2229
81.933 2230
82.2222 2231
82.5116 2232
82.802 2233
83.0927 2234
83.3838 2235
83.6752 2236
83.9666 2237
84.2584 2238
84.5502 2239
84.8427 2240
85.1355 2241
85.4286 2242
85.7219 2243
86.0155 2244
86.3091 2245
86.6027 2246
86.8973 2247
87.1919 2248
87.4871 2249
87.7829 2250
88.0789 2251
88.3754 2252
88.6721 2253
88.9691 2254
89.2662 2255
89.5634 2256
89.8608 2257
90.1589 2258
90.4571 2259
90.7559 2260
91.0547 2261
91.3539 2262
91.6537 2263
91.9535 2264
92.2537 2265
92.554 2266
92.8543 2267
93.1548 2268
93.456 2269
93.758 2270
94.0601 2271
94.363 2272
94.6661 2273
94.9696 2274
95.2735 2275
95.5778 2276
95.8831 2277
96.1885 2278
96.4939 2279
96.7995 2280
97.1051 2281
97.4116 2282
97.7181 2283
98.0253 2284
98.3324 2285
98.6399 2286
98.9475 2287
99.2558 2288
99.5652 2289
99.8747 2290
100.184 2291
100.494 2292
100.804 2293
101.114 2294
101.424 2295
101.735 2296
102.046 2297
102.357 2298
102.668 2299
102.981 2300
103.294 2301
103.607 2302
103.921 2303
104.235 2304
104.55 2305
104.864 2306
105.18 2307
105.496 2308
105.813 2309
106.131 2310
106.449 2311
106.768 2312
107.088 2313
107.409 2314
107.732 2315
108.056 2316
108.38 2317
108.706 2318
109.033 2319
109.365 2320
109.703 2321
110.043 2322
110.386 2323
110.729 2324
111.074 2325
111.428 2326
111.787 2327
112.146 2328
112.518 2329
112.892 2330
113.269 2331
113.649 2332
114.03 2333
114.411 2334
114.792 2335
115.174 2336
115.56 2337
115.946 2338
116.334 2339
116.727 2340
117.12 2341
117.513 2342
117.908 2343
118.306 2344
118.706 2345
119.107 2346
119.511 2347
119.916 2348
120.32 2349
120.731 2350
121.142 2351
121.557 2352
121.974 2353
122.394 2354
122.814 2355
123.241 2356
123.672 2357
124.103 2358
124.537 2359
124.972 2360
125.408 2361
125.845 2362
126.284 2363
126.725 2364
127.17 2365
127.618 2366
128.065 2367
128.514 2368
128.965 2369
129.421 2370
129.885 2371
130.355 2372
130.829 2373
131.305 2374
131.781 2375
132.263 2376
132.747 2377
133.232 2378
133.721 2379
134.213 2380
134.708 2381
135.204 2382
135.7 2383
136.197 2384
136.694 2385
137.194 2386
137.696 2387
138.199 2388
138.708 2389
139.219 2390
139.73 2391
140.242 2392
140.756 2393
141.27 2394
141.785 2395
142.305 2396
142.833 2397
143.378 2398
143.931 2399
144.488 2400
145.048 2401
145.617 2402
146.189 2403
146.767 2404
147.345 2405
147.924 2406
148.508 2407
149.092 2408
149.676 2409
150.261 2410
150.846 2411
151.434 2412
152.023 2413
152.613 2414
153.204 2415
153.795 2416
154.387 2417
154.981 2418
155.576 2419
156.172 2420
156.768 2421
157.371 2422
157.976 2423
158.58 2424
159.187 2425
159.794 2426
160.404 2427
161.015 2428
161.628 2429
162.242 2430
162.865 2431
163.491 2432
164.117 2433
164.745 2434
165.374 2435
166.004 2436
166.639 2437
167.306 2438
167.976 2439
168.647 2440
169.334 2441
170.023 2442
170.714 2443
171.409 2444
172.11 2445
172.814 2446
173.526 2447
174.239 2448
174.979 2449
175.762 2450
176.552 2451
177.343 2452
178.14 2453
178.939 2454
179.744 2455
180.55 2456
181.368 2457
182.201 2458
183.036 2459
183.873 2460
184.716 2461
185.562 2462
186.416 2463
187.272 2464
188.132 2465
188.997 2466
189.866 2467
190.736 2468
191.609 2469
192.481 2470
193.365 2471
194.249 2472
195.133 2473
196.025 2474
196.92 2475
197.817 2476
198.716 2477
199.621 2478
200.532 2479
201.446 2480
202.365 2481
203.286 2482
204.208 2483
205.139 2484
206.072 2485
207.023 2486
207.978 2487
208.935 2488
209.911 2489
210.891 2490
211.885 2491
212.879 2492
213.897 2493
214.93 2494
215.969 2495
217.021 2496
218.099 2497
219.197 2498
220.303 2499
221.426 2500
222.585 2501
223.75 2502
224.955 2503
226.184 2504
227.432 2505
228.705 2506
229.996 2507
231.305 2508
232.63 2509
233.963 2510
235.308 2511
236.691 2512
238.17 2513
239.731 2514
241.336 2515
242.949 2516
244.576 2517
246.253 2518
247.995 2519
249.765 2520
251.607 2521
253.49 2522
255.436 2523
257.422 2524
259.429 2525
261.449 2526
263.608 2527
265.82 2528
268.074 2529
270.377 2530
272.693 2531
275.061 2532
277.472 2533
280.201 2534
283.175 2535
286.437 2536
289.879 2537
293.939 2538
298.493 2539
303.684 2540
310.347 2541
317.043 2542
326.927 2543
350.91 2544
401.778 2545
453.952 2546
