 0.0917659370000000
 0.0916497210000000
 0.0925910490000000
 0.0960899140000000
 6.4507471799999996
 8.3742672250000005
 0.1094711880000000
 0.1668746000000000
 0.1054653400000000
 0.1108106850000000
 0.1672080950000000
 9.5421249059999997
 0.1130500940000000
 0.0979994600000000
 0.0934973860000000
 0.0904098890000000
 0.0947940000000000
 0.0928991920000000
 0.0964795620000000
 0.0936187020000000
 0.0912631470000000
 0.0902586820000000
 0.1009011780000000
 0.0903844670000000
 0.1027129450000000
 0.0896542700000000
 0.0897422710000000
 0.0963344320000000
 0.0924830740000000
 0.0921150770000000
 0.0971939750000000
 0.0926228270000000
 0.0931717840000000
 0.0960186760000000
 0.0936890320000000
 0.1047887140000000
 0.0986255230000000
 3.5588238360000002
 0.0862135130000000
 0.0938032240000000
 0.1037183890000000
 0.3939084350000000
 0.0949440900000000
 0.3866202310000000
 0.0879918960000000
 0.0947233900000000
 3.5795103639999999
 0.0952503460000000
 0.0942165480000000
 0.3906484280000000
 0.0908836960000000
 0.3931251590000000
 0.0942657870000000
 0.0954830590000000
 0.0974340210000000
 0.0960666580000000
 0.0935440420000000
 0.0975293550000000
 0.1016472290000000
 0.0915522920000000
 0.1009314900000000
 5.3660559430000001
 0.0888623350000000
 0.0941501990000000
 0.0926011760000000
 0.0957921100000000
 0.0926707400000000
 0.0914462720000000
 0.1019699680000000
 0.0883471820000000
 0.0933229930000000
 0.0963389010000000
 0.0888872680000000
 0.0873636690000000
 0.0976634510000000
 0.1012993470000000
 0.1123783560000000
 0.0935714890000000
 0.0979355560000000
 0.0919382390000000
 0.0914342600000000
 0.0909661800000000
 0.0968630650000000
 0.0917269670000000
 0.0985558910000000
 0.0942086560000000
 0.0917023120000000
 0.0924994170000000
 0.1166564460000000
 0.1054469040000000
 0.0899061210000000
 0.0955423560000000
 0.0969089510000000
 0.1003851180000000
 0.0920873500000000
 0.0957858250000000
 0.0945193130000000
 0.1053753160000000
 0.0976803540000000
 0.0939701470000000
 0.1263253480000000
 0.5132840350000000
 0.5077337060000000
 0.0875164830000000
 0.0893243390000000
 0.1034607420000000
 0.0917301800000000
 0.0911509110000000
 0.0956417410000000
 0.0959795660000000
 0.0965537360000000
 0.0915426550000000
 0.0950876160000000
 0.0936344870000000
 0.0874288320000000
 0.0958083840000000
 0.0959890640000000
 0.0930184120000000
 0.0968131970000000
 0.1013646500000000
 0.1266162400000000
 0.0979889850000000
 0.0968006270000000
 0.0947833850000000
 0.1035175240000000
 0.0980002990000000
 0.0999541940000000
 0.1048285250000000
 0.1210807870000000
 0.1407117170000000
 0.1570146130000000
 0.1177720310000000
 0.1231763200000000
 0.1190545350000000
 0.1286778310000000
 0.1012848210000000
 0.1024762530000000
 0.1147943940000000
 0.1145745320000000
 0.1012802110000000
 0.0997609420000000
 0.1183547210000000
 0.0992725380000000
 0.0906468630000000
 0.0932789220000000
 0.0940132390000000
 0.0920402080000000
 0.0920700300000000
 0.0973808020000000
 0.0931005460000000
 0.0950644980000000
 0.0981012210000000
 0.0936053630000000
 0.0903190950000000
 0.0915890290000000
 0.1187569400000000
 0.0904360810000000
 0.0909702310000000
 0.0899179940000000
 0.3017728970000000
 0.0892473030000000
 0.2922693100000000
 0.0944588300000000
 0.0982681420000000
 0.1263907910000000
 0.0917702000000000
 0.1248430970000000
 0.2933384490000000
 0.0935889510000000
 0.3056794290000000
 0.0931786290000000
 0.0964579120000000
 0.0943766260000000
 0.0914972580000000
 0.0964443640000000
 0.0901471460000000
 0.0964366110000000
 0.0946211430000000
 0.0869811460000000
 0.1242069070000000
 0.0946764580000000
 0.1008369950000000
 0.0933092340000000
 0.0941698250000000
 1.0226536509999999
 1.0249661839999999
 0.9480613280000000
 0.0881460380000000
 0.0872932690000000
 0.0941947580000000
 1.4247227600000001
 0.7794584200000000
 0.0926194760000000
 0.0994954730000000
 0.0930916770000000
 0.0919492050000000
 0.1251113590000000
 0.0927011210000000
 0.0943602140000000
 0.0991725950000000
 1.0149230020000000
 1.0202404100000000
 1.4122381870000000
 0.9607835780000000
 0.7853319090000001
 0.0932113860000000
 0.0906912840000000
 0.0903221700000000
 0.0943302520000000
 0.0882142740000000
 0.0956577350000000
 0.0862626130000000
 0.0934863530000000
 0.0888517890000000
 0.0952740950000000
 0.0908172780000000
 0.0921370100000000
 0.0950505310000000
 0.0962816330000000
 0.0884634690000000
 0.1004717920000000
 0.0976921580000000
 0.1195637530000000
 0.1287399210000000
 0.1228892020000000
 0.1027810420000000
 0.0922835370000000
 0.0898896390000000
 0.0912095800000000
 0.0868728210000000
 0.0974787220000000
 0.0950540230000000
 0.0952946980000000
 0.0934284540000000
 0.0958597880000000
 0.0925147840000000
 0.0892783130000000
 0.0893867080000000
 0.0921037650000000
 0.0902769820000000
 0.1010051040000000
 0.0911926080000000
 0.0926548170000000
 0.1026157270000000
 0.0911744490000000
 0.0893871970000000
 0.0987346170000000
 0.0910962260000000
 0.0914353080000000
 0.0884655650000000
 0.0919108620000000
 0.0938655950000000
 0.0938875950000000
 0.0967599100000000
 0.0931678040000000
 0.0925505430000000
 0.0959711850000000
 0.0893188220000000
 0.0906880010000000
 0.0931615890000000
 0.0932405100000000
 0.0942157120000000
 0.0943475730000000
 0.1172716150000000
 0.0918993380000000
 0.0992489330000000
 0.0981056220000000
 0.0922727120000000
 0.1098789980000000
 0.1065242160000000
 0.0927159980000000
 0.1145928310000000
 0.0954006480000000
 0.0888743490000000
 0.1048871930000000
 0.1113208820000000
 0.0989348540000000
 0.0892949360000000
 0.0955633790000000
 0.0928412240000000
 0.0956040270000000
 0.0943078330000000
 0.0986620510000000
 0.1036078310000000
 0.0926510450000000
 0.0924031070000000
 0.1184632560000000
 0.0934959920000000
 0.0931790490000000
 0.1184663290000000
 0.0942480480000000
 0.0934545750000000
 0.0949015590000000
 0.0998840740000000
 0.0992451610000000
 0.1072456110000000
 0.0907070680000000
 0.0865252890000000
 0.1170042600000000
 0.0906233280000000
 0.1005296910000000
 0.0890542610000000
 0.0929374670000000
 0.0936592130000000
 0.0929473140000000
 0.0933616160000000
 0.1563658550000000
 0.0897048380000000
 0.0887572940000000
 0.1660554310000000
 0.1147062550000000
 0.0974343730000000
 0.2702133350000000
 0.1026659440000000
 0.1841490720000000
 0.2674700880000000
 0.1046524550000000
 0.1184085000000000
 0.0978661340000000
 0.1189351080000000
 0.0893725300000000
 0.9313071210000000
 0.1042373150000000
 0.1970499740000000
 0.1121057650000000
 0.1074594680000000
 0.0939074300000000
 0.1442222470000000
 0.1240642910000000
 0.1134081050000000
 0.0934897060000000
 0.0932443520000000
 0.2009488250000000
 0.1228750950000000
 0.1374023340000000
 0.1680276940000000
 0.2558523910000000
 0.1006602970000000
 0.0910300170000000
 0.0946407690000000
 0.0978581720000000
 0.1316932530000000
 0.0971307000000000
 0.1195407760000000
 0.0926698340000000
 0.2750146820000000
 0.1112475490000000
 0.2011187500000000
 0.0925819020000000
 0.1710102190000000
 0.1029552290000000
 0.0953944320000000
 0.1411508150000000
 0.3442373580000000
 0.0923768470000000
 2.6303638330000001
 0.1145406610000000
 0.1279393250000000
 0.1262227530000000
 0.0944818090000000
 0.2333687710000000
 0.0952756320000000
 0.1192538660000000
 0.1178715570000000
 1.8656999320000001
 0.1031429640000000
 0.0962620780000000
 0.0957546770000000
 0.1037420670000000
 0.0904812690000000
 0.1004838760000000
 0.0899846950000000
 0.1196039140000000
 0.0886989760000000
 0.0952124950000000
 0.1077768290000000
 0.0955732980000000
 0.1259989100000000
 0.0829632870000000
 0.1034675190000000
 0.1129457530000000
 0.1719582530000000
 0.1111500490000000
 0.0937988260000000
 0.1973616800000000
 0.2013983970000000
 0.1151964760000000
 0.1712553650000000
 0.1115927780000000
 0.1367738270000000
 8.0779590599999995
 0.0928542860000000
 0.1733524360000000
 0.3327235160000000
 0.3602404270000000
 0.3728489720000000
 0.1224737150000000
 0.2696798860000000
 0.1753037470000000
 0.1176847300000000
 0.0939340400000000
 0.1325240230000000
 0.1253743160000000
 0.1777241150000000
 0.7589827660000000
 0.2724825690000000
 5.8154304029999997
 0.4373624240000000
 0.4343758480000000
 0.6550702859999999
 0.8173507679999999
 0.1582409010000000
 0.0945977480000000
 0.0975674220000000
 0.0939936860000000
 0.1004527970000000
 0.1042215320000000
 0.1079443110000000
 0.1048985780000000
 0.1019419640000000
 0.0956794580000000
 0.0983833140000000
 0.0948503660000000
 0.0945207820000000
 0.0964809630000000
 0.0968795500000000
 0.0935050730000000
 0.0971537490000000
 0.0966808500000000
 0.0967900830000000
 0.0926634790000000
 0.1045436420000000
 0.0955449420000000
 0.0988631980000000
 0.1043763720000000
 0.0956755470000000
 0.0915980410000000
 0.1059495590000000
 0.1031941590000000
 0.0952668320000000
 0.0962241540000000
 0.1001824400000000
 0.0987002570000000
 0.1062917840000000
 0.0960715500000000
 0.0960961350000000
 0.0935937020000000
 0.0974867550000000
 0.0935223930000000
 0.0982672380000000
 0.0945624770000000
 0.0976847560000000
 0.0988479020000000
 0.0944508710000000
 0.1011132220000000
 0.1024512520000000
 0.1161958430000000
 0.0995298380000000
 0.1132867910000000
 0.0961770120000000
 0.1125555480000000
 0.1015495940000000
 0.1129557410000000
 0.1116418070000000
 0.1249611320000000
 0.1041285730000000
 0.0968856960000000
 0.1007543750000000
 0.1208455630000000
 0.1198359990000000
 0.0909173640000000
 0.1045729760000000
 0.1011308220000000
 0.1517343670000000
 0.1011208340000000
 0.1104994750000000
 0.1686722670000000
 0.1293161190000000
 0.1077634910000000
 0.1161352900000000
 0.1007922990000000
 0.1562653550000000
 0.0906023770000000
 0.1004474900000000
 0.1013875610000000
 0.1069246910000000
 0.1961081610000000
 0.1080483060000000
 0.0988364480000000
 0.1169441290000000
 0.0990823620000000
 0.1125607160000000
 0.1704414300000000
 0.1553441410000000
 0.1024603310000000
 0.1057764210000000
 0.1230083540000000
 0.1585315130000000
 1.5219939490000001
 0.0974049700000000
 0.1503922170000000
 0.0986508790000000
 0.1034741550000000
 0.1254526100000000
 1.9008273210000000
 0.1014232500000000
 0.0956765250000000
 0.0922338810000000
 0.1022762280000000
 0.1131793760000000
 0.0978831070000000
 0.0991929220000000
 0.1083409440000000
 0.1434037750000000
 0.1133898090000000
 0.2060043980000000
 0.0942642540000000
 0.1025297540000000
 0.0949598790000000
 0.0981506720000000
 0.1023804320000000
 0.0997734470000000
 0.0977418180000000
 0.0990662980000000
 0.1302455050000000
 0.0961119890000000
 0.1000417100000000
 0.1059211330000000
 0.2153900220000000
 0.0998235930000000
 0.1045194780000000
 0.1129549040000000
 0.0983789850000000
 0.0959297020000000
 0.0957418280000000
 0.0971903470000000
 0.0905592140000000
 0.0997785450000000
 0.1444486080000000
 0.1943090360000000
 0.1277413260000000
 25.2281902209999984
 0.1205101840000000
 0.2026589070000000
 0.1693537850000000
 0.1381942740000000
 0.1313054950000000
 0.1007181980000000
 0.1034573940000000
 0.1951386890000000
 0.0947832490000000
 0.1087843000000000
 0.0999215120000000
 0.0990611300000000
 0.0969855710000000
 0.0890956800000000
 0.0990779630000000
 0.1197834100000000
 0.1264493930000000
 0.0939752490000000
 0.0975334110000000
 0.1010961820000000
 0.0954199280000000
 0.0981605210000000
 0.1027098780000000
 0.1548658670000000
 0.0992509610000000
 0.1715521960000000
 0.0961357360000000
 0.0973305900000000
 0.0959361990000000
 0.0954221630000000
 0.0993928090000000
 0.0962871530000000
 0.1049307080000000
 0.1130529630000000
 0.1488553490000000
 0.0942388320000000
 0.1071819890000000
 0.0940038140000000
 0.0917023870000000
 0.1822319200000000
 0.1233307460000000
 0.1707084380000000
 17.2403078520000008
 0.1181359810000000
 0.1880500240000000
 0.0903504590000000
 0.1147728180000000
 0.1772191630000000
 0.1432497760000000
 0.1203441710000000
 0.2030535850000000
 0.1983273880000000
 0.1126278370000000
 0.1906252320000000
 0.0991126750000000
 0.0950640140000000
 0.0978023020000000
 0.1021629470000000
 0.0933862740000000
 0.0964361270000000
 0.0958287820000000
 0.0998729730000000
 0.0961156220000000
 0.1261090550000000
 0.2019228460000000
 0.1009765430000000
 0.0979590970000000
 0.1138498590000000
 0.0970505940000000
 0.0982293150000000
 0.2747172350000000
 0.1467641460000000
 0.2704311120000000
 0.0961156220000000
 0.0989788580000000
 0.0951638180000000
 0.1176240410000000
 0.1156381590000000
 0.1191594440000000
 0.0885152250000000
 0.0969632930000000
 0.0913310380000000
 0.1042908870000000
 0.1060528570000000
 0.0939411670000000
 0.0959072840000000
 0.0953808870000000
 0.0981672260000000
 0.0945414580000000
 0.0943817300000000
 0.0978159910000000
 0.2717819920000000
 0.0997354540000000
 0.0987073130000000
 0.1030994560000000
 0.2821885640000000
 0.0977754130000000
 0.1089657500000000
 0.0935132460000000
 0.1005769790000000
 0.1216483970000000
 0.1178923040000000
 0.1047695840000000
 0.0989500830000000
 0.0973000000000000
 0.1060968570000000
 0.0949788770000000
 0.0954577820000000
 0.1098851490000000
 0.0988803110000000
 8.2840712740000004
 0.0947986160000000
 0.1045982620000000
 0.1117641030000000
 0.2877445520000000
 0.3159631640000000
 3.5166516090000002
 0.3157174610000000
 0.0960847530000000
 0.1019212250000000
 0.0984373750000000
 0.2515767530000000
 0.0968844410000000
 0.2945363910000000
 0.3113837760000000
 0.0956115040000000
 0.0958996030000000
 0.0959179010000000
 0.0972902230000000
 0.0917101410000000
 0.0945786140000000
 0.0963264060000000
 0.0944976670000000
 0.0980529650000000
 0.0987309200000000
 0.0950408970000000
 0.0933131500000000
 0.0940598290000000
 0.0969644110000000
 0.0994191420000000
 0.0985269120000000
 0.0927775330000000
 0.0995732130000000
 0.0000125020000000
 0.0951657040000000
 0.0923422090000000
 0.0952541240000000
 0.0000371550000000
 0.1012385210000000
 0.0930843480000000
 0.0000079620000000
 0.0000085200000000
 0.0957814990000000
 0.0960140730000000
 0.0943922760000000
 0.0993555860000000
 0.0000109650000000
 0.1200400800000000
 0.0000133400000000
 0.0916193460000000
 0.0919795900000000
 0.0999071960000000
 0.0956833020000000
 0.0000085900000000
 0.0950919510000000
 0.2796482790000000
 0.0948155180000000
 0.0954405320000000
 0.0948736960000000
 0.1009910010000000
 0.1012779120000000
 0.2203298700000000
 0.0000108950000000
 0.0893375430000000
 0.0952236730000000
 0.3125559320000000
 0.0963004250000000
 0.0963458920000000
 0.0937792750000000
 0.0916695630000000
 0.0977411210000000
 0.0947901650000000
 0.1032370450000000
 0.0945917440000000
 0.0959957050000000
 0.0938548430000000
 0.1176795670000000
 0.0970686840000000
 0.0971608760000000
 0.0950813350000000
 0.0970132300000000
 0.0955450850000000
 0.1185405070000000
 0.0955756760000000
 0.0957639700000000
 0.0966890950000000
 0.1032373950000000
 0.0890732620000000
 0.0969261370000000
 0.2222411620000000
 0.0980821600000000
 0.0938728620000000
 0.2192537470000000
 0.0934092520000000
 0.0955014350000000
 0.0967956040000000
 0.0917702040000000
 0.0968340170000000
 0.0936305810000000
 0.0920232410000000
 0.0948330480000000
 0.0952669050000000
 0.0951606060000000
 0.0958771130000000
 0.1014409920000000
 0.0942458880000000
 0.0957863890000000
 0.0943159390000000
 0.0972007560000000
 0.0891208250000000
 0.0971126850000000
 0.0000085210000000
 0.1019090020000000
 0.1232150210000000
 0.0973244460000000
 0.0000129210000000
 0.0952919790000000
 0.0970780440000000
 0.0000091500000000
 0.0000076130000000
 0.0955487170000000
 0.0938430400000000
 0.1000972360000000
 0.0924326540000000
 0.0000080320000000
 0.1172110670000000
 0.0000122920000000
 0.0925786930000000
 0.0925655630000000
 0.0963642600000000
 0.0989279440000000
 0.0000081720000000
 0.0989623070000000
 0.2745204930000000
 0.0941094170000000
 0.0962224810000000
 0.0981627570000000
 0.1118420470000000
 0.0997062620000000
 0.2424348090000000
 0.0000085210000000
 0.0941428010000000
 0.0948639880000000
 0.3208468560000000
 0.0936146570000000
 0.0891309520000000
 0.0910159130000000
 0.0984612610000000
 0.0923350860000000
 0.0961946150000000
 0.0952023010000000
 0.0928936810000000
 0.0917982120000000
 0.1144742460000000
 0.1035294730000000
 0.1237780850000000
 0.0928473750000000
 0.0948590300000000
 0.0929153320000000
 0.1212148200000000
 0.0942759900000000
 0.0915522280000000
 0.0936827530000000
 0.0953231280000000
 0.2269001710000000
 0.0925582300000000
 0.0976814770000000
 0.2362160930000000
 0.0966360850000000
 0.0961010270000000
 0.0943174060000000
 0.0950615710000000
 0.0933960530000000
 0.0957106810000000
 0.1009087280000000
 0.0938007170000000
 0.0969368230000000
 0.0949168580000000
 0.1284447770000000
 0.0914305640000000
 0.0963083870000000
 0.0986668050000000
 0.1006571590000000
 0.0940578040000000
 0.1210146540000000
 0.0946728310000000
 0.0919902060000000
 0.0945554970000000
 0.0980038680000000
 0.0983871590000000
 0.0922010590000000
 0.2400902190000000
 0.0955823110000000
 0.0901458240000000
 0.2495064340000000
 0.0962907870000000
 0.0971457910000000
 0.0901471500000000
 0.0941824710000000
 0.0982762500000000
 0.0924537460000000
 0.0901349290000000
 0.0926020910000000
 0.0947537780000000
 0.0958953430000000
 0.0981804270000000
 0.0920322510000000
 0.1010617520000000
 0.0928265630000000
 0.0972749970000000
 0.0899663300000000
 0.0924281850000000
 0.0958976470000000
 0.0000101270000000
 0.0947889780000000
 0.0910736030000000
 0.0897552680000000
 0.0000085210000000
 0.0925057090000000
 0.0920488040000000
 0.0000076820000000
 0.0000100570000000
 0.0911836030000000
 0.0869379880000000
 0.0964785920000000
 0.0896314390000000
 0.0000130600000000
 0.1264009950000000
 0.0000085210000000
 0.0921009060000000
 0.0946759040000000
 0.0916395310000000
 0.1283183630000000
 0.0000079620000000
 0.0920882640000000
 0.2936775490000000
 0.1252991710000000
 0.0943176860000000
 0.0925902180000000
 0.0949387890000000
 0.0918768540000000
 0.2390882690000000
 0.0000080320000000
 0.0930581580000000
 0.0914029770000000
 0.3246282330000000
 0.0929195920000000
 0.0980616260000000
 0.0947315680000000
 0.0909417410000000
 0.0958396790000000
 0.0953118840000000
 0.0919851080000000
 0.1456809720000000
 0.1479598400000000
 0.0878088470000000
 0.1033944690000000
 0.1429055270000000
 0.1839589720000000
 0.1863248640000000
 0.0999360410000000
 0.1047535910000000
 0.1051965280000000
 0.1059571750000000
 0.1048672930000000
 0.1070942010000000
 0.0921899550000000
 0.1134552540000000
 0.1041169130000000
 0.0902261420000000
 0.1469921820000000
 0.0951148610000000
 0.1155297660000000
 0.1530370620000000
 0.0906233320000000
 0.1461423470000000
 0.2474427480000000
 0.0923054720000000
 0.0972267380000000
 0.0938038590000000
 0.0971064700000000
 0.0979285080000000
 0.0941943450000000
 0.0903688290000000
 0.0901092970000000
 0.1044559260000000
 0.0944338330000000
 0.0940395760000000
 0.0966366440000000
 0.0931740960000000
 0.1043266480000000
 0.0000176000000000
 0.3069391150000000
 0.0953964620000000
 0.0918473810000000
 0.0919902770000000
 0.0940751950000000
 0.1015109750000000
 0.1021208340000000
 0.1031694380000000
 0.1064487220000000
 0.1000152420000000
 0.0938404570000000
 0.0920353240000000
 0.6898493770000000
 0.6884713270000000
 0.0965476660000000
 0.0973252150000000
 0.0961645830000000
 0.0972062740000000
 0.0972348390000000
 0.0933900470000000
 0.0913873330000000
 0.1355863130000000
 0.1601920780000000
 0.0969964690000000
 0.1018035430000000
 0.1290050480000000
 6.9071707819999997
 6.9566193680000001
 0.1342672810000000
 0.1012325860000000
 0.1036753040000000
 0.1022953690000000
 0.1052326370000000
 0.1046952740000000
 0.0974544920000000
 0.1067653150000000
 0.0997564090000000
 0.0958812350000000
 0.1614014600000000
 0.0982411210000000
 0.1098357020000000
 0.1730398320000000
 0.1142339910000000
 0.1617467580000000
 0.2888588140000000
 0.0954503110000000
 0.0961103160000000
 0.0906901010000000
 0.0981386620000000
 0.0987332260000000
 0.0972440580000000
 0.0927702710000000
 0.0972038300000000
 0.0949976670000000
 0.0938815240000000
 0.0963686620000000
 0.0968630720000000
 0.0000085210000000
 0.2613641810000000
 0.0960281820000000
 0.0927808860000000
 0.0933086810000000
 0.0942902380000000
 0.0965672910000000
 0.0961131100000000
 0.0958349310000000
 0.0933670690000000
 0.0913740620000000
 0.0987675180000000
 0.0970988570000000
 0.4330015900000000
 0.4205998460000000
 0.0953759300000000
 0.0923750360000000
 0.0910360280000000
 0.0959250260000000
 0.0949181860000000
 0.0931842230000000
 0.0977660560000000
 0.1008689200000000
 0.1033059100000000
 0.0953408690000000
 0.1021830640000000
 0.0908976020000000
 0.0939108580000000
 0.0946901530000000
 0.0950955150000000
 0.0973824850000000
 0.0928149700000000
 0.0960894340000000
 0.0959478640000000
 0.0885003510000000
 0.1133958890000000
 0.0933197860000000
 0.0970044320000000
 0.0960603800000000
 0.0914476060000000
 0.0940244200000000
 0.0982503400000000
 0.0925780660000000
 0.0917298370000000
 0.0926901620000000
 0.0931997980000000
 0.0941571200000000
 0.0000134800000000
 0.2442275820000000
 0.0948658050000000
 0.0975434010000000
 0.0952780110000000
 0.0976382470000000
 0.0954514290000000
 0.1094984370000000
 0.0922843810000000
 0.0940240010000000
 0.0923565280000000
 0.0966469810000000
 0.0940643700000000
 0.0920805830000000
 0.0933886500000000
 0.4049992780000000
 0.0916423260000000
 0.0983585250000000
 0.0941351900000000
 0.0959322200000000
 0.0946543240000000
 0.0878694700000000
 0.0950626200000000
 0.0994565080000000
 0.0955781920000000
 0.0999484740000000
 0.0992174390000000
 0.0941713680000000
 0.0975674970000000
 0.1110465510000000
 0.0990201370000000
 0.1312475300000000
 0.1090786870000000
 0.1011314550000000
 0.1189947590000000
 0.1067908780000000
 0.1217322800000000
 0.1246614460000000
 0.0980064520000000
 0.1053905490000000
 0.1138722110000000
 0.1158129050000000
 0.1158343480000000
 0.1476607090000000
 0.0931878560000000
 0.1179059250000000
 0.1290566630000000
 0.0990446510000000
 0.0969580570000000
 0.0983574080000000
 0.1480734740000000
 0.1025776700000000
 0.1166426270000000
 0.1128620890000000
 0.1192561780000000
 0.1877559250000000
 0.1882812050000000
 0.1798190300000000
 0.1005751650000000
 0.1535979630000000
 0.1032863550000000
 0.1953014960000000
 0.1942109860000000
 0.1047163670000000
 0.1844461900000000
 0.3628722950000000
 0.3527831550000000
 0.3500892150000000
 0.0913708500000000
 0.0909200220000000
 0.1008525770000000
 0.0977091360000000
 0.1001739240000000
 0.1232582540000000
 0.1470611170000000
 0.1527890550000000
 0.0952479100000000
 0.0966244220000000
 0.0966339210000000
 0.0936217130000000
 0.0943510020000000
 0.0973436540000000
 0.0967870850000000
 0.0986151940000000
 0.0996033860000000
 0.0884128400000000
 0.0979289980000000
 0.0949941050000000
 0.1018334350000000
 0.0983240930000000
 0.1067477170000000
 0.1002955890000000
 0.1020067130000000
 0.1011774810000000
 0.1191588190000000
 0.0969618280000000
 0.1266195320000000
 0.1242995960000000
 0.1033960070000000
 0.1138241600000000
 0.1997053030000000
 0.1999831340000000
 0.1947660890000000
 0.1924085080000000
 0.1831691330000000
 0.1772887310000000
 0.0980964090000000
 0.1633903460000000
 0.1004422560000000
 0.2068318930000000
 0.2029053860000000
 0.1002077970000000
 0.1970386730000000
 0.3751877150000000
 0.3721537160000000
 0.3640324380000000
 0.1353711320000000
 0.1211224920000000
 0.1176079810000000
 0.0924374750000000
 0.1003328840000000
 0.0951461510000000
 0.1019514680000000
 0.0975214010000000
 0.1228732160000000
 0.1250158940000000
 0.1064612950000000
 0.0900192020000000
 0.9005989160000000
 0.1105734420000000
 0.0919850400000000
 0.1024921140000000
 0.1008286210000000
 0.0961202350000000
 0.0967840110000000
 0.0962845020000000
 0.0963229850000000
 0.0987999260000000
 0.0951077370000000
 0.1022031080000000
 0.0950045110000000
 0.1072679680000000
 0.0921561520000000
 0.0975079220000000
 0.0964327070000000
 0.0948198490000000
 0.0982054320000000
 0.0990255150000000
 0.0970253850000000
 0.0917455520000000
 0.0960176370000000
 0.0965763020000000
 0.1149537820000000
 0.0970226600000000
 0.1051030820000000
 0.0984780250000000
 0.0945564070000000
 0.0966157630000000
 0.0986593340000000
 0.0958108360000000
 0.1212547020000000
 0.0962808710000000
 0.0942799730000000
 0.1009077520000000
 0.1057357780000000
 0.0994078990000000
 0.0959752430000000
 0.1239330660000000
 0.1185352710000000
 0.0983774520000000
 0.0958252230000000
 0.0986033910000000
 0.0954642100000000
 0.0961190480000000
 0.0971114300000000
 0.0957360350000000
 0.0970164450000000
 0.0905416180000000
 0.0949832090000000
 0.0930264510000000
 0.0984275290000000
 0.0915378430000000
 0.0961576700000000
 0.1003251320000000
 0.0982705950000000
 0.1013606770000000
 0.0928501010000000
 0.1019326820000000
 0.0944254530000000
 0.1038304930000000
 0.0968559480000000
 0.0954175560000000
 0.0955190360000000
 0.0932788600000000
 0.0969529590000000
 0.0969704890000000
 0.0905850610000000
 0.1032118350000000
 0.0978480520000000
 0.0960116310000000
 0.0939201480000000
 0.0938211810000000
 0.0984945770000000
 0.0859155750000000
 0.0979806110000000
 0.0940300780000000
 0.0947138300000000
 0.1008754850000000
 0.0927185190000000
 0.0942256350000000
 0.0954146930000000
 0.0935791100000000
 0.1111489390000000
 0.0934875470000000
 0.0968242400000000
 0.1205395920000000
 0.0948850120000000
 0.0999938020000000
 0.0964451390000000
 0.0985815300000000
 0.0997192550000000
 0.0858981850000000
 0.0916104780000000
 0.0928174840000000
 0.0973822070000000
 0.0932295510000000
 0.0967229700000000
 0.0946159810000000
 0.0928788760000000
 0.1024985400000000
 0.0895789890000000
 0.0954331310000000
 0.0998956040000000
 0.0992827420000000
 0.0969022540000000
 0.0978943570000000
 0.0945067490000000
 0.0957790580000000
 0.0952999430000000
 0.0948792160000000
 0.0982421000000000
 0.0885831840000000
 0.1004684470000000
 0.1122964400000000
 0.0945200890000000
 0.1010511380000000
 0.0901654510000000
 0.0959938210000000
 0.1103535810000000
 0.1000819430000000
 0.0926189950000000
 0.0958609120000000
 0.0941694130000000
 0.0959087530000000
 0.0931520970000000
 0.1002375500000000
 0.0928849520000000
 0.0964340340000000
 0.0937958290000000
 0.0979852220000000
 0.0934771400000000
 0.1172070200000000
 0.1191917840000000
 0.0982884050000000
 0.0979073480000000
 0.1003529990000000
 0.0971477480000000
 0.0987273610000000
 0.0914783370000000
 0.1809206460000000
 0.0941247840000000
 0.0936108880000000
 2.8604470129999999
 0.0944448690000000
 0.1001355810000000
 0.1008147240000000
 0.1222000810000000
 0.0965261560000000
 0.0951024990000000
 0.0949556230000000
 0.0949250320000000
 0.0943598020000000
 0.0965407530000000
 0.0963162810000000
 0.0982509000000000
 0.0941239460000000
 0.0956776480000000
 0.0983729840000000
 0.0940698190000000
 0.0940148540000000
 0.0994614680000000
 0.0944350920000000
 0.0968208180000000
 0.1035074060000000
 0.0960049260000000
 0.0890306610000000
 0.0978187190000000
 0.0904567610000000
 0.0934053430000000
 0.0943429000000000
 0.0943185260000000
 0.0946596330000000
 0.0942520360000000
 0.0918130900000000
 0.0916567130000000
 0.1046154460000000
 0.0968705460000000
 0.0977651500000000
 0.0966810650000000
 0.1031086780000000
 0.1046870340000000
 0.0979271830000000
 0.1024201070000000
 0.0964176920000000
 0.0973558070000000
 0.0939783260000000
 0.0953748130000000
 0.0951004750000000
 0.0879943480000000
 0.0983539860000000
 0.0967937900000000
 0.0978009780000000
 0.1005783790000000
 0.1019894630000000
 0.0977738100000000
 0.0998274400000000
 0.1134979300000000
 0.0958972300000000
 0.0930679380000000
 0.0966425820000000
 0.0982937830000000
 0.0950293760000000
 0.0967657840000000
 0.0917171970000000
 0.0949361370000000
 0.0920474090000000
 0.0935723360000000
 0.0954788770000000
 0.0961407680000000
 0.0981401310000000
 0.0944173520000000
 0.0960902030000000
 0.0952785020000000
 0.0966159020000000
 0.1032191680000000
 0.0980695900000000
 0.0925321110000000
 0.0922053220000000
 0.0953049020000000
 0.0951503420000000
 0.0935574590000000
 0.0923306880000000
 0.0962157090000000
 0.0951939930000000
 0.0982208680000000
 0.0924927900000000
 0.0920282730000000
 0.0920752760000000
 0.0916148790000000
 0.0915340020000000
 0.0931743070000000
 0.0971427200000000
 0.0918546460000000
 0.0927974400000000
 0.0972697620000000
 0.0851714810000000
 0.0935906340000000
 0.0966883290000000
 0.1144129970000000
 0.0944927110000000
 0.0967215040000000
 0.1112269530000000
 0.0931657170000000
 0.1300609900000000
 0.1238088190000000
 0.1002789670000000
 0.0920254790000000
 0.0993527950000000
 0.1012687650000000
 0.0933490510000000
 0.1326382920000000
 0.1121720520000000
 0.1009115240000000
 0.0951288310000000
 0.0930814870000000
 0.0917753050000000
 0.0930639570000000
 0.0991008050000000
 0.0960558410000000
 0.0923684020000000
 0.0909932170000000
 0.0916840230000000
 0.0915501350000000
 0.0943941650000000
 0.0940651400000000
 0.0906245920000000
 0.0916914960000000
 0.0929927880000000
 0.0896009200000000
 0.0958317190000000
 0.0943166400000000
 0.0949773440000000
 0.0973284990000000
 0.0974139860000000
 0.0939061800000000
 0.0919158270000000
 0.0983071930000000
 0.0935000500000000
 0.0932785810000000
 0.0900552410000000
 0.0954694500000000
 0.0936995870000000
 0.0939093230000000
 0.0926922590000000
 0.0918505250000000
 0.0945209270000000
 0.0938577090000000
 0.0871964050000000
 0.0938798500000000
 0.0956935010000000
 0.1145785220000000
 0.1201596530000000
 0.0919872750000000
 0.1081263950000000
 0.0962214370000000
 0.0995667900000000
 0.1006609320000000
 0.0000104760000000
 0.0963306690000000
 0.0000101270000000
 0.0000095690000000
 0.0941796800000000
 0.0917812420000000
 0.1014828300000000
 0.0916066380000000
 0.0950455800000000
 0.0000083810000000
 0.1006980880000000
 0.0902769190000000
 0.1120058990000000
 0.1115307650000000
 0.0000190670000000
 0.1319781470000000
 0.0924232980000000
 0.0872332820000000
 0.0957305180000000
 0.0954372530000000
 0.0923379510000000
 0.0931330310000000
 0.0931117990000000
 0.0903533260000000
 0.0930258230000000
 0.0926896050000000
 0.0956606060000000
 0.0908190310000000
 0.0902661630000000
 0.0930663310000000
 0.0920891750000000
 0.0930636080000000
 0.0938593860000000
 0.0950690460000000
 0.1041563760000000
 0.0953809600000000
 0.0000196260000000
 0.0936916950000000
 0.0918022640000000
 0.0000085200000000
 0.0000079620000000
 0.0993992390000000
 0.0972858960000000
 0.1137033350000000
 0.0957310770000000
 0.0975177000000000
 0.0946959510000000
 0.0965519280000000
 0.0000080320000000
 0.1121115000000000
 0.1078725900000000
 0.2250821240000000
 0.0000103360000000
 0.2000962100000000
 0.0899314820000000
 0.0890837410000000
 0.0925286190000000
 0.0947572730000000
 0.0888791050000000
 0.0000151560000000
 0.0000098480000000
 0.0948754450000000
 0.0895347800000000
 11.1851584529999997
 0.1281032540000000
 0.2118778280000000
 0.0977483190000000
 12.9495341929999999
 11.2461358770000004
 0.0982374210000000
 0.1199002620000000
 0.3907280870000000
 0.0934506020000000
 0.1411361600000000
 0.9163166590000000
 0.1451395670000000
 0.1126374140000000
 0.1752446180000000
 0.1118700090000000
 0.1984144520000000
 0.0000071240000000
 0.1323623230000000
 2.3274741550000000
 0.1144091740000000
 0.4517750240000000
 0.1139517810000000
 0.1276941070000000
 0.1046576710000000
 0.1935723310000000
 0.0904902190000000
 0.1262402150000000
 0.1005609000000000
 0.0949745440000000
 0.0922183830000000
 0.1309136010000000
 0.1340647710000000
 0.1282089630000000
 0.1240722400000000
 0.1000901370000000
 0.0930940950000000
 0.0000120120000000
 0.0939374320000000
 0.1602063790000000
 0.1213744650000000
 0.1438745960000000
 0.1191112130000000
 0.0967917540000000
 0.0985533020000000
 0.1271777910000000
 0.0956095440000000
 0.1001286700000000
 0.1012056990000000
 0.1002467720000000
 0.1029777950000000
 0.1052985670000000
 0.1048390780000000
 0.0983565740000000
 0.1018156270000000
 0.1027991390000000
 0.1014486790000000
 0.0992398630000000
 0.1026320780000000
 0.1003611720000000
 0.1031509320000000
 0.1030733390000000
 0.0993746570000000
 0.0994984870000000
 0.1050370790000000
 0.1019602010000000
 0.1264034270000000
 0.1317807550000000
 0.1133391720000000
 0.1139113860000000
 0.0997715680000000
 0.1073504490000000
 0.1017577990000000
 0.1044761800000000
 0.1204991420000000
 0.1037610700000000
 0.1021876050000000
 0.1051974370000000
 0.1342363220000000
 0.1242952530000000
 0.1109103550000000
 0.1088255080000000
 0.1029172420000000
 0.1038871350000000
 0.1011061050000000
 0.0996212680000000
 0.1062750960000000
 0.1017320270000000
 0.1257426540000000
 0.1207819310000000
 0.1188190990000000
 0.1097936550000000
 0.1074559110000000
 0.1040569210000000
 0.0990883760000000
 0.1039902210000000
 0.1049969220000000
 0.1053741370000000
 0.0990763640000000
 0.1063665190000000
 0.0997640260000000
 0.1062057430000000
 0.1071565690000000
 0.1015101400000000
 0.1044738760000000
 0.0984712550000000
 0.1116895100000000
 0.1065370720000000
 0.1015780960000000
 0.1034916220000000
 0.1043704410000000
 0.1000244660000000
 0.1082507100000000
 0.1007008140000000
 0.1062585430000000
 0.1282201510000000
 0.1113546890000000
 0.0000338730000000
 0.1080230260000000
 0.2075852090000000
 0.1107900880000000
 0.0969093830000000
 0.1001980930000000
 0.1003758390000000
 0.0944956500000000
 0.1010519780000000
 0.1036889240000000
 0.1401684740000000
 0.0942943670000000
 0.1174648660000000
 0.1023295240000000
 0.0979301210000000
 0.0900059420000000
 0.0964600210000000
 0.1129243120000000
 0.1081243660000000
 0.1064575930000000
 0.1071509120000000
 0.1092077520000000
 0.1059742180000000
 0.0981667440000000
 0.0903758940000000
 0.0962804570000000
 0.0995051230000000
 0.0954764390000000
 0.0919500580000000
 0.0961837960000000
 0.1022166600000000
 0.0968878710000000
 0.0918476000000000
 0.0960222530000000
 0.0952298970000000
 0.0917756630000000
 0.1102797540000000
 0.0954564650000000
 0.0926554600000000
 0.1029756310000000
 0.1033972650000000
 0.0936934480000000
 0.0956091380000000
 0.0948616220000000
 0.0963697150000000
 0.0939827330000000
 0.0938451450000000
 0.0939293740000000
 0.0922188090000000
 0.1012268620000000
 0.1127613720000000
 0.0930888280000000
 0.0926861900000000
 0.0962752890000000
 0.0921155830000000
 0.0951497890000000
 0.0948635080000000
 0.0939409670000000
 0.1094532460000000
 0.1104221610000000
 0.1028369250000000
 0.1125400430000000
 0.0966436350000000
 0.2883902650000000
 0.0948500280000000
 0.1118558730000000
 0.1124598650000000
 0.1237529320000000
 0.1134241010000000
 0.1266941090000000
 0.1119493220000000
 0.1109439500000000
 0.1164323960000000
 0.1137923770000000
 0.1169532760000000
 0.1243820670000000
 0.1093016200000000
 0.1119415690000000
 0.1152088380000000
 0.1003092810000000
 0.1061690760000000
 0.1635328550000000
 0.1734853090000000
 0.1644699930000000
 0.1552289470000000
 0.1473695810000000
 0.3257964070000000
 0.1750675750000000
 0.1052475840000000
 0.1031439490000000
 0.1695829700000000
 0.1055564240000000
 0.1680534350000000
 0.1074297900000000
 0.1637884070000000
 0.1268645240000000
 0.1106392300000000
 0.1632696920000000
 0.1654523180000000
 0.1007655580000000
 0.1074266470000000
 0.1531855160000000
 0.1062471600000000
 0.1334891570000000
 0.1171380080000000
 0.1007446050000000
 0.1056914990000000
 0.1284146620000000
 0.1258045350000000
 0.3165820420000000
 0.3106480050000000
 0.2387661450000000
 4.5566977890000002
 6.6089210490000001
 4.6519549549999999
 0.1252797450000000
 0.1272959370000000
 1.2743641040000000
 1.2506254420000000
 4.6680414219999999
 4.7118914580000002
 0.1918229720000000
 0.2597960670000000
 0.2614368610000000
 0.0964832810000000
 0.1149813660000000
 0.1085348990000000
 0.1330865900000000
 0.1348255810000000
 0.1353528170000000
 0.1569796740000000
 0.1388817130000000
 0.0975561200000000
 0.1102333110000000
 0.1109841810000000
 0.1206296100000000
 0.1361828870000000
 0.1390109890000000
 0.1169589350000000
 0.1666915930000000
 0.1679808730000000
 0.1149361780000000
 0.2294586140000000
 0.2296220430000000
 0.4044062730000000
 0.1303332180000000
 0.1712859950000000
 0.1085274960000000
 0.0975612190000000
 51.2739958040000019
 0.1047925700000000
 0.1057625330000000
 0.1280475790000000
 0.0953146200000000
 0.1009821420000000
 0.1010739840000000
 0.0968328410000000
 0.1124322140000000
 0.1312231460000000
 0.1108737640000000
 1.3517464029999999
 0.1916089820000000
 1.3477175109999999
 0.2012058020000000
 0.1133306590000000
 0.1039361700000000
 0.1016236380000000
 0.0971624940000000
 0.4530312530000000
 2.0451376739999998
 0.9357905240000000
 2.3872540309999999
 0.2071926400000000
 0.1007603940000000
 0.0945544630000000
 0.0955980390000000
 0.0977372930000000
 0.0969561120000000
 0.0000113840000000
 0.0979125950000000
 0.0936684500000000
 0.0000125010000000
 0.0937562410000000
 0.0000094980000000
 0.0943624680000000
 0.1005384380000000
 0.1015139880000000
 0.0964593280000000
 0.0944886030000000
 0.0934545240000000
 0.1004786530000000
 0.1613661630000000
 0.0000143870000000
 0.0985883150000000
 0.0000112450000000
 0.1582683300000000
 0.0988084560000000
 0.0902983740000000
 0.0971705270000000
 0.0988978540000000
 0.0979787360000000
 0.6430671220000000
 0.0000086610000000
 0.0991263770000000
 0.0000094290000000
 0.6383328970000000
 0.0886350930000000
 0.1017668150000000
 0.0939852520000000
 0.0932966130000000
 0.1025006430000000
 0.0926191470000000
 0.0916250190000000
 10.1317094759999993
 0.0000120130000000
 0.0998938680000000
 0.0000121530000000
 0.1065180130000000
 0.1069487260000000
 0.0971152830000000
 0.0971797470000000
 0.0973859190000000
 0.0948363450000000
 0.0975403400000000
 0.1004661510000000
 0.0999739770000000
 0.0952790020000000
 0.0959346070000000
 0.0999252270000000
 0.1002730390000000
 0.0951303800000000
 0.0970126850000000
 0.0952903870000000
 0.0000115930000000
 0.0000114540000000
 0.0946907950000000
 0.0965633230000000
 0.0000108250000000
 0.0949888100000000
 0.1223468850000000
 0.0952770470000000
 0.0000151560000000
 0.0944945400000000
 0.0996654850000000
 0.0000112450000000
 0.0999287890000000
 0.0936098540000000
 0.0000091490000000
 0.1275260720000000
 0.0000089390000000
 0.0960421640000000
 0.1038712880000000
 0.0000118730000000
 0.0975591970000000
 0.0000097080000000
 0.0985395660000000
 0.0985348870000000
 0.1105955160000000
 0.0922691710000000
 0.0000167620000000
 0.0000110350000000
 0.0953027480000000
 0.0934793190000000
 0.0000096380000000
 0.0994589640000000
 0.0000108950000000
 0.0954359370000000
 0.0000089400000000
 0.0922145540000000
 0.0971569790000000
 0.0000106160000000
 0.0988820000000000
 0.0961274400000000
 0.0932221620000000
 0.1006718360000000
 0.0996756830000000
 0.0000090790000000
 0.0953771300000000
 0.1002221250000000
 0.0000089390000000
 0.0991740790000000
 0.0994697890000000
 0.1006476710000000
 0.0965088470000000
 0.0000136890000000
 0.1014210290000000
 0.1181668540000000
 0.0000089400000000
 0.0961604060000000
 0.1145314500000000
 0.0877616520000000
 0.0000089400000000
 0.0940517430000000
 0.0966695520000000
 0.0000172510000000
 0.0942765630000000
 0.1013787740000000
 0.0000105460000000
 0.0973257160000000
 0.0955966430000000
 0.0000090090000000
 0.0933812620000000
 0.0968876680000000
 0.0913964980000000
 0.1023093470000000
 0.0000106160000000
 0.0000097080000000
 0.1041069350000000
 0.1057650490000000
 0.0000125720000000
 0.0956314240000000
 0.1017712160000000
 0.0000113840000000
 0.0947855010000000
 0.0977863930000000
 0.0000090100000000
 0.1115297190000000
 0.0995432630000000
 0.0988331810000000
 0.1018224800000000
 0.0000128510000000
 0.0914993050000000
 0.0000095680000000
 0.0937531700000000
 0.0989894180000000
 0.0000244450000000
 0.0926926920000000
 0.0000120830000000
 0.0919027110000000
 0.0987862480000000
 0.0000090090000000
 0.0921848720000000
 0.1019358330000000
 0.0000096390000000
 0.0921959070000000
 0.0978658030000000
 0.0000095680000000
 0.0921667830000000
 0.0000090100000000
 0.0936526670000000
 0.0997558610000000
 0.1027144300000000
 0.0000565020000000
 0.0966459470000000
 0.0000134790000000
 0.0997352580000000
 0.0000090790000000
 0.0949677880000000
 0.0000090090000000
 0.0962146740000000
 0.0000093580000000
 0.0973652470000000
 0.0000149460000000
 0.0956083770000000
 0.0000157140000000
 0.0966230390000000
 0.0000104760000000
 0.0944815490000000
 0.1160257150000000
 0.0990883130000000
 0.1061727850000000
 0.1023433590000000
 0.0965431400000000
 0.0937506550000000
 0.0911457660000000
 0.0000090790000000
 0.0917153260000000
 0.0960663990000000
 0.0000093580000000
 0.0924066200000000
 0.0000132690000000
 0.1018739540000000
 0.1079221120000000
 0.0000104070000000
 0.0907556290000000
 0.1010029570000000
 0.0000148060000000
 0.0929043820000000
 0.1014302480000000
 0.1612428240000000
 0.1559759150000000
 0.0955819770000000
 0.1609490000000000
 0.0000089400000000
 0.0000094980000000
 0.2185240540000000
 0.2183194170000000
 0.0000088700000000
 0.1779034420000000
 0.1807699590000000
 0.1004294160000000
 0.0976064810000000
 0.1565958310000000
 0.0000129210000000
 0.1431695160000000
 0.1385213350000000
 0.0923663910000000
 0.0000090790000000
 0.1631753460000000
 0.1594030520000000
 0.0000119430000000
 0.1210056440000000
 0.0930481170000000
 0.0903284080000000
 0.0915104100000000
 0.0895121670000000
 0.0968572180000000
 0.0938073670000000
 0.0924136040000000
 0.0925751480000000
 0.0932959160000000
 0.1169166870000000
 0.0958674900000000
 0.0999375900000000
 0.0964336280000000
 0.0936986930000000
 0.0982623650000000
 0.1052920100000000
 0.0931379340000000
 0.1065136830000000
 0.0977720750000000
 0.0959179160000000
 0.0987524450000000
 0.0982902320000000
 0.0883495110000000
 0.0929805100000000
 0.0939470510000000
 0.0918360130000000
 0.0941264740000000
 0.0995627490000000
 0.0919953220000000
 0.0965194630000000
 0.0967552490000000
 0.0917299230000000
 0.0965475400000000
 0.1020072120000000
 0.1239260780000000
 0.1082637790000000
 0.1141309770000000
 0.1036495420000000
 0.1191902470000000
 0.1480357430000000
 0.1447742710000000
 0.1411699460000000
 0.1173887470000000
 0.1167331430000000
 0.1628350080000000
 0.1459752010000000
 0.1191560940000000
 0.1178823900000000
 0.1212580530000000
 0.4496956200000000
 0.4136039680000000
 0.3699767370000000
 0.2888571790000000
 0.3933397240000000
 0.2259744280000000
 0.4049613270000000
 0.7866429200000000
 0.2100975740000000
 0.4103142110000000
 0.7845809110000000
 0.2143089640000000
 0.2267563070000000
 0.7653228070000000
 0.7361018420000000
 0.5405080320000000
 0.2238396440000000
 0.2238008820000000
 0.2154202170000000
 1.1229015819999999
 0.8714669600000000
 0.6398729920000000
 0.5783979710000000
 0.2860595970000000
 0.2826326700000000
 0.2872589200000000
 0.0943871240000000
 0.0946645360000000
 0.0989308910000000
 0.0953151120000000
 0.1064111560000000
 0.1028424500000000
 0.0982683720000000
 0.1056160080000000
 0.1049039700000000
 0.0969922230000000
 0.1102881440000000
 0.1163264560000000
 0.1019808820000000
 0.1015536600000000
 0.1000751100000000
 0.1050616730000000
 0.1065084460000000
 0.1384930510000000
 0.2025758240000000
 0.1064829540000000
 0.2055702910000000
 0.2215115390000000
 0.4308256990000000
 0.2833001490000000
 0.3542423630000000
 0.0913656990000000
 0.0963879520000000
 0.0936682430000000
 0.1002408440000000
 0.0905491790000000
 0.0959986540000000
 0.1010694470000000
 0.1056718110000000
 0.1025175470000000
 0.0991216300000000
 0.1048852530000000
 0.1140769210000000
 0.1069020050000000
 0.1084334950000000
 0.1027338470000000
 0.1032476720000000
 0.0985610800000000
 0.1116071760000000
 0.1141527690000000
 0.0976777900000000
 0.1112998020000000
 0.1042983030000000
 0.1028301590000000
 0.0972682380000000
 0.1021798620000000
 0.1026760870000000
 0.1956209800000000
 0.2058431630000000
 0.2725141330000000
 0.5100631630000000
 0.5232099710000000
 0.2184890660000000
 0.4164795680000000
 0.2941412020000000
 0.3507965100000000
 0.0941660050000000
 0.0951367370000000
 0.0916322150000000
 0.1003931700000000
 0.0975679990000000
 0.0993410730000000
 0.0979366240000000
 0.1017701000000000
 0.0974955730000000
 0.0869411520000000
 0.1034995920000000
 0.1056766310000000
 0.0977493090000000
 0.0949937710000000
 0.0952505090000000
 0.0952449210000000
 0.0926211060000000
 0.0918548010000000
 0.0961416900000000
 0.1105169460000000
 0.0930736100000000
 0.1359984430000000
 0.0997031330000000
 0.1028919690000000
 0.0964214760000000
 0.0948570900000000
 0.1220631900000000
 0.1008993820000000
 0.0989156660000000
 20.4966545720000006
 20.5257145789999988
 0.2700404120000000
 0.1000301340000000
 0.0981499230000000
 0.0986596980000000
 0.0992474870000000
 0.0931179610000000
 0.0949683500000000
 0.0968600850000000
 0.0963511470000000
 0.0993419820000000
 0.0950151430000000
 0.0969803520000000
 0.0931208250000000
 0.0948127420000000
 0.0967916400000000
 0.1029836030000000
 0.0982465840000000
 0.0991171620000000
 0.1018302360000000
 0.0988218700000000
 0.0990985140000000
 0.0983806800000000
 0.1574308640000000
 0.1870910660000000
 0.0965101770000000
 1.7310792960000001
 49.0198731679999966
 0.1124200680000000
 0.1061996100000000
 0.1029193510000000
 0.0975043070000000
 0.0934366510000000
 0.0988579100000000
 0.0964726040000000
 0.0958177680000000
 0.0968721690000000
 0.0962395420000000
 0.0975950310000000
 0.0960864490000000
 0.1016029030000000
 0.0993913620000000
 0.0965466370000000
 0.1004941640000000
 0.0960112290000000
 0.0991398620000000
 0.0967472220000000
 0.0961631350000000
 0.0959474640000000
 0.0950404280000000
 0.0972571370000000
 0.0966400840000000
 0.1002988170000000
 0.1025695130000000
 0.0982440020000000
 0.0971720700000000
 0.0963244700000000
 0.0976211520000000
 0.1008170430000000
 0.0960420290000000
 0.0990950930000000
 0.0957910870000000
 0.0978826400000000
 0.0986206580000000
 0.1014458280000000
 0.0963642790000000
 0.1002381940000000
 0.1012433570000000
 0.1038620750000000
 0.1005819550000000
 0.0996256120000000
 0.1055744560000000
 0.0970344120000000
 0.1021551420000000
 0.0974683390000000
 0.0971300250000000
 0.0981468520000000
 0.1313715690000000
 0.0983479950000000
 0.1049576140000000
 0.0965175130000000
 0.1028960940000000
 0.0960666830000000
 0.0965145090000000
 0.1078001050000000
 0.1152779250000000
 0.1020677690000000
 0.1003286400000000
 0.1116522290000000
 0.0998612580000000
 0.1059281350000000
 0.1082815940000000
 0.0922394240000000
 0.0939952460000000
 0.0945009010000000
 0.1018087970000000
 0.1037374770000000
 0.1022055680000000
 0.1090896630000000
 0.1094202250000000
 0.1035602190000000
 0.1051929810000000
 0.1065166920000000
 0.1128189360000000
 0.1092666430000000
 0.0984911020000000
 0.0998861910000000
 0.0977927540000000
 0.0992652290000000
 0.1045729250000000
 0.0961942150000000
 0.1125786800000000
 0.1042876910000000
 0.1144758620000000
 0.1082691620000000
 0.1208411730000000
 0.1219918170000000
 0.1253913650000000
 0.0983885040000000
 0.0926979350000000
 0.0991312720000000
 0.0959594070000000
 0.0973414370000000
 0.0957040650000000
 0.0923808540000000
 0.0968348740000000
 0.1029887730000000
 0.0948159570000000
 0.0957169870000000
 0.1016505350000000
 0.1000563270000000
 0.0992497240000000
 0.0993893370000000
 0.0959253240000000
 0.0928246280000000
 0.0952841070000000
 0.0958863530000000
 0.0934467780000000
 0.0935036300000000
 0.0996996450000000
 0.0977134140000000
 0.0976310010000000
 0.0969892940000000
 0.1012800240000000
 0.1011084230000000
 0.0957975130000000
 0.0974883130000000
 0.0963777590000000
 0.1082102160000000
 0.0948644970000000
 0.1074495680000000
 0.1019083210000000
 0.1001809240000000
 0.0977546200000000
 0.0960284110000000
 0.1011404100000000
 0.1114802080000000
 0.1009581930000000
 0.1021640820000000
 0.0978702780000000
 0.1008493100000000
 0.1016691130000000
 0.0999822250000000
 0.1015464710000000
 0.1188426510000000
 0.1021742780000000
 0.1023798230000000
 0.0997286990000000
 0.1025216020000000
 0.1047839170000000
 0.1013670480000000
 0.1082994730000000
 0.1109339750000000
 0.1083087630000000
 0.0979463370000000
 0.0988106280000000
 0.1248223650000000
 0.0993727850000000
 0.1045435920000000
 0.1088651230000000
 0.1093271950000000
 0.1140971100000000
 0.1168399370000000
 0.1214045180000000
 0.1155264920000000
 0.0933406900000000
 0.0972219370000000
 0.0900176870000000
 0.0926362650000000
 0.0963964780000000
 0.0947252330000000
 0.0917818910000000
 0.0945789840000000
 0.0958463330000000
 0.0931673420000000
 0.0970189070000000
 0.0943717640000000
 0.1009503710000000
 0.1013495870000000
 0.0943038080000000
 0.0961523800000000
 0.0939480340000000
 0.0950743030000000
 0.0897568280000000
 0.0956740340000000
 0.0949332910000000
 0.0948214750000000
 0.0934089250000000
 0.0934715730000000
 0.0981179380000000
 0.0933858770000000
 0.0930980590000000
 0.0945327490000000
 0.0956996650000000
 0.0940052340000000
 0.0942095910000000
 0.0953966220000000
 0.0953051990000000
 0.0952058140000000
 0.1125516520000000
 0.1011146400000000
 0.0919791230000000
 0.0911239110000000
 0.0967086000000000
 0.0998707570000000
 0.0971592890000000
 0.0966940730000000
 0.0939338560000000
 0.1102257800000000
 0.0967087400000000
 0.0985510270000000
 0.1044349180000000
 0.0886518610000000
 0.0906747590000000
 0.0954700950000000
 0.0977857710000000
 0.0986217070000000
 0.0987497270000000
 0.0995515800000000
 0.0889852860000000
 0.0954840640000000
 0.0970469830000000
 0.1002809380000000
 0.0949099650000000
 0.0996487300000000
 0.0984079210000000
 0.0964626870000000
 0.0964492780000000
 0.0960965070000000
 0.0944310590000000
 0.0954079370000000
 0.0992648800000000
 0.0999053290000000
 0.1064108820000000
 0.0985476750000000
 0.0973088910000000
 0.0946042670000000
 0.0956554560000000
 0.0990138690000000
 0.1035744670000000
 0.1012315550000000
 0.1114232880000000
 0.1066879440000000
 0.1067825800000000
 0.1034764790000000
 0.0984616290000000
 0.0989000260000000
 0.1075936530000000
 0.1035869690000000
 0.1027010260000000
 0.1120587780000000
 0.1038663360000000
 0.1053415350000000
 0.1030160820000000
 0.0969251100000000
 0.1172756810000000
 0.0997539120000000
 0.0887916840000000
 0.3218354410000000
 0.0990992150000000
 0.0887372780000000
 0.0949274260000000
 0.0996974100000000
 0.0951847930000000
 0.1149384260000000
 0.9619871350000000
 0.2478165530000000
 0.0952992630000000
 0.1002077440000000
 0.0928390160000000
 0.0950828930000000
 0.0945539810000000
 0.0922472460000000
 0.0951654460000000
 0.0983410120000000
 0.0934947600000000
 0.0943427100000000
 0.0980078670000000
 0.0951535730000000
 0.0965272910000000
 0.1024321350000000
 0.0957657360000000
 0.0924833120000000
 0.1047244130000000
 0.0961407170000000
 0.0915034310000000
 0.1004641330000000
 0.1098559680000000
 0.1041135770000000
 0.1046027490000000
 0.0940277230000000
 0.0957953490000000
 0.0926782400000000
 0.0976927410000000
 0.0963172770000000
 0.0954454420000000
 0.0923520100000000
 0.0956158560000000
 0.1168907130000000
 0.1343839860000000
 0.1037111480000000
 0.1117697730000000
 0.0949896540000000
 0.0951134840000000
 0.0952813140000000
 0.0949015840000000
 0.0999229990000000
 0.0928347560000000
 0.0908178650000000
 0.0943156110000000
 0.0940835270000000
 0.0924411270000000
 0.0991452410000000
 0.0914483970000000
 0.1050515520000000
 0.0912986560000000
 0.0908809320000000
 0.0974474560000000
 0.1070032810000000
 0.0976381250000000
 0.1087904620000000
 0.0952527480000000
 0.7383728590000000
 0.0953061780000000
 0.0919789150000000
 0.1082098670000000
 0.0988943690000000
 0.0963319440000000
 0.0961449770000000
 0.0950002700000000
 0.0965510380000000
 0.0917234330000000
 0.0988285090000000
 0.0970155560000000
 0.1077531720000000
 0.0893176630000000
 0.0922445230000000
 0.0964193860000000
 0.1233897020000000
 0.0955759760000000
 0.1023152900000000
 0.1042428540000000
 0.1448027060000000
 0.1200022350000000
 0.0983768410000000
 0.0926373130000000
 0.1038685710000000
 0.0996399310000000
 0.0900271860000000
 0.1553810820000000
 0.1021774920000000
 0.0949823910000000
 0.1412201010000000
 0.0940351970000000
 0.1034410000000000
 0.1713194680000000
 0.1040588210000000
 0.1015389990000000
 0.1575067880000000
 0.0944714990000000
 0.3710113970000000
 0.4319490570000000
 0.2268096100000000
