 0.0932128250000000
 0.0931184690000000
 0.0883962210000000
 0.0954948890000000
 6.4561327620000002
 7.5288817420000003
 0.1046267050000000
 0.1622940200000000
 0.0912251420000000
 0.0974928370000000
 0.1320047660000000
 9.5125480319999998
 0.1162116970000000
 0.0920771360000000
 0.0867316230000000
 0.0922343480000000
 0.0939963040000000
 0.0873835920000000
 0.0858103480000000
 0.0872360870000000
 0.0966217070000000
 0.0952303990000000
 0.0905310600000000
 0.0976274910000000
 0.1008692450000000
 0.0954839230000000
 0.0943426470000000
 0.0885495920000000
 0.0918091550000000
 0.0859334770000000
 0.0925734970000000
 0.0876375350000000
 0.0966814920000000
 0.0922715730000000
 0.0906970020000000
 0.0915261570000000
 0.0912794090000000
 3.5870249560000000
 0.0891898280000000
 0.0929206790000000
 0.0892444430000000
 0.3893920880000000
 0.0848979410000000
 0.3922526470000000
 0.1000526600000000
 0.0841869570000000
 3.5749946570000000
 0.0897756550000000
 0.0997292950000000
 0.3863115980000000
 0.0872525000000000
 0.4069351690000000
 0.0915212690000000
 0.0914688880000000
 0.0895248560000000
 0.0884248560000000
 0.0894799480000000
 0.0938793900000000
 0.0908458340000000
 0.0934253510000000
 0.0884215730000000
 5.9129436139999996
 0.1090072900000000
 0.0911923170000000
 0.0899786840000000
 0.0921074470000000
 0.0869557450000000
 0.0893630340000000
 0.1020156190000000
 0.0898475920000000
 0.0834483860000000
 0.0927103860000000
 0.0866955860000000
 0.0878069700000000
 0.1039449850000000
 0.0977775110000000
 0.1247006950000000
 0.0959191740000000
 0.0910862980000000
 0.0884326080000000
 0.0893730210000000
 0.0936132250000000
 0.0895974910000000
 0.0891189380000000
 0.0921015100000000
 0.0872296620000000
 0.0903139930000000
 0.0923043990000000
 0.1148040460000000
 0.0914697950000000
 0.0919110530000000
 0.0920061070000000
 0.0926699480000000
 0.1037898670000000
 0.0896052430000000
 0.0918697070000000
 0.0908654600000000
 0.0893519990000000
 0.0994382660000000
 0.0885901700000000
 0.1115884840000000
 0.5390760560000000
 0.4994720000000000
 0.0850472610000000
 0.0878654970000000
 0.0916285450000000
 0.0971210030000000
 0.0867958080000000
 0.0863136230000000
 0.1039512010000000
 0.0863498720000000
 0.0896755730000000
 0.0888679290000000
 0.0877851790000000
 0.0891593770000000
 0.0959749070000000
 0.0897387100000000
 0.0881623920000000
 0.0915871990000000
 0.0971842100000000
 0.1003467620000000
 0.0896359730000000
 0.0949097580000000
 0.1000870220000000
 0.1044578290000000
 0.0986439620000000
 0.1044640450000000
 0.1035608580000000
 0.1145350180000000
 0.1340212930000000
 0.1524669340000000
 0.1201877620000000
 0.1217809110000000
 0.1185569670000000
 0.1174550820000000
 0.1181347770000000
 0.0950940000000000
 0.1184466180000000
 0.1108141530000000
 0.1028365330000000
 0.0999342090000000
 0.1072084590000000
 0.0838095350000000
 0.0936606470000000
 0.0871499730000000
 0.0916891670000000
 0.0906180810000000
 0.0907141820000000
 0.0953766470000000
 0.0913039230000000
 0.0936799230000000
 0.0914936120000000
 0.0943142910000000
 0.0903741960000000
 0.0921197390000000
 0.1210510690000000
 0.0810699410000000
 0.0916234470000000
 0.0896256370000000
 0.2950733270000000
 0.0910411100000000
 0.2968655930000000
 0.0847148170000000
 0.0938300820000000
 0.1202658440000000
 0.0903740560000000
 0.0854082710000000
 0.3006501530000000
 0.0887744810000000
 0.3030344640000000
 0.1170056530000000
 0.0903557570000000
 0.0875997510000000
 0.0869641250000000
 0.0879404360000000
 0.0872398580000000
 0.0910825960000000
 0.0842489060000000
 0.0914804120000000
 0.1251742190000000
 0.0935058090000000
 0.0946043430000000
 0.0905113630000000
 0.0973882850000000
 1.0180669609999999
 1.0095948650000000
 0.9758035590000000
 0.0912298210000000
 0.0931496180000000
 0.0909922210000000
 1.4210042050000000
 0.7714250000000000
 0.0879893250000000
 0.0980315240000000
 0.0951000760000000
 0.0967966600000000
 0.1218025610000000
 0.0854570200000000
 0.0924343740000000
 0.0862868050000000
 1.0152713540000000
 1.0163473980000000
 1.4056282990000000
 0.9465349640000000
 0.7842150320000000
 0.0926996310000000
 0.0902038530000000
 0.0877166650000000
 0.0924308120000000
 0.0869058780000000
 0.0919293510000000
 0.0901877900000000
 0.0867265950000000
 0.0890897450000000
 0.0876342520000000
 0.0887039420000000
 0.0927547350000000
 0.0903910980000000
 0.0878925250000000
 0.0916891670000000
 0.1027454610000000
 0.0974545640000000
 0.1138595820000000
 0.1169383260000000
 0.0938444690000000
 0.0965596890000000
 0.0890125000000000
 0.0837382960000000
 0.0881188810000000
 0.0901397380000000
 0.0847636360000000
 0.0840161940000000
 0.0894127600000000
 0.0875679030000000
 0.0939996560000000
 0.0892388550000000
 0.0933527860000000
 0.0886286530000000
 0.0937777710000000
 0.0895789130000000
 0.0921822460000000
 0.0957321390000000
 0.0897919290000000
 0.0926576560000000
 0.0905559930000000
 0.0862723470000000
 0.0805958580000000
 0.1150644140000000
 0.0926629640000000
 0.0880625190000000
 0.0900677320000000
 0.0933627730000000
 0.0891990470000000
 0.0902293450000000
 0.0928533510000000
 0.0825108360000000
 0.0962421900000000
 0.0876540870000000
 0.0943373390000000
 0.0885505000000000
 0.0866770770000000
 0.0931454970000000
 0.0896100620000000
 0.1180169550000000
 0.0940206790000000
 0.1024204190000000
 0.0911834460000000
 0.0912238840000000
 0.1017989720000000
 0.1075321030000000
 0.0898728750000000
 0.1124441100000000
 0.0914085450000000
 0.0901532870000000
 0.1005928820000000
 0.0885412110000000
 0.0901122200000000
 0.0956793390000000
 0.0888078650000000
 0.0887871220000000
 0.0902816560000000
 0.0888726780000000
 0.0938740120000000
 0.1042037460000000
 0.0897699290000000
 0.0890280750000000
 0.1054857530000000
 0.0995291990000000
 0.0899698840000000
 0.1150294240000000
 0.0959320250000000
 0.0965534030000000
 0.0985463240000000
 0.0861364360000000
 0.0872909830000000
 0.1035505910000000
 0.0904985130000000
 0.0944212180000000
 0.1187273110000000
 0.0974365450000000
 0.1064320320000000
 0.0976936320000000
 0.0952003670000000
 0.0919110530000000
 0.0918519670000000
 0.0906805890000000
 0.1528778800000000
 0.0904456440000000
 0.0920568820000000
 0.1588559440000000
 0.1169474050000000
 0.0877122660000000
 0.2630197410000000
 0.0999493650000000
 0.1936845330000000
 0.2621893980000000
 0.0989614600000000
 0.1074665220000000
 0.0965151290000000
 0.1220966630000000
 0.0863530840000000
 0.9345508300000001
 0.1044243050000000
 0.1976446730000000
 0.1052003120000000
 0.1016442730000000
 0.0957563040000000
 0.1086363630000000
 0.1174610180000000
 0.1157093290000000
 0.0949298720000000
 0.1071134740000000
 0.2034454100000000
 0.1104877850000000
 0.1228710630000000
 0.1674753360000000
 0.2770798390000000
 0.1001507870000000
 0.0850116430000000
 0.0854581380000000
 0.0828170200000000
 0.1248509930000000
 0.0949387420000000
 0.1332642840000000
 0.1075133150000000
 0.3354813250000000
 0.1134072200000000
 0.2010752760000000
 0.0883525000000000
 0.1848206260000000
 0.0994418280000000
 0.0945775230000000
 0.1413956940000000
 0.3494582410000000
 0.0922172370000000
 2.5773145739999999
 0.1116697090000000
 0.1233029610000000
 0.1129820970000000
 0.0918548310000000
 0.2263201050000000
 0.0915943930000000
 0.1163352460000000
 0.1085099500000000
 1.8543107430000001
 0.1002510090000000
 0.0930197830000000
 0.0949489390000000
 0.1022488890000000
 0.0895007610000000
 0.0968795620000000
 0.0885412120000000
 0.1182843770000000
 0.0904802150000000
 0.0972308630000000
 0.1255776920000000
 0.0877844110000000
 0.1200807640000000
 0.0911477570000000
 0.0945186460000000
 0.1120252020000000
 0.1797985490000000
 0.1042946800000000
 0.0884323990000000
 0.1964827930000000
 0.1942343230000000
 0.1114342050000000
 0.1702339970000000
 0.1111411500000000
 0.1275368800000000
 7.4530549270000002
 0.0941821520000000
 0.1698915640000000
 0.3236180160000000
 0.3348322210000000
 0.3419083990000000
 0.1163822500000000
 0.2622111190000000
 0.1658000520000000
 0.0928936490000000
 0.0916497770000000
 0.1226368150000000
 0.1253633500000000
 0.1763206640000000
 0.7016078860000000
 0.2441757960000000
 5.3364554699999998
 0.4001542100000000
 0.3985660890000000
 0.6015217020000000
 0.7305115599999999
 0.1447410920000000
 0.0884724180000000
 0.0888046530000000
 0.0891186590000000
 0.0891197070000000
 0.0971764570000000
 0.1021011750000000
 0.0995639110000000
 0.1040778920000000
 0.1050191440000000
 0.0944624250000000
 0.0889918270000000
 0.0925055420000000
 0.0938842080000000
 0.0884664810000000
 0.0945053770000000
 0.0897006460000000
 0.0917514650000000
 0.0917713010000000
 0.0932551480000000
 0.0983206660000000
 0.0898215420000000
 0.0875452050000000
 0.0917073260000000
 0.0886496050000000
 0.0986348130000000
 0.0898652630000000
 0.0924300440000000
 0.0886349380000000
 0.0953526910000000
 0.0900613760000000
 0.1082629210000000
 0.1085735760000000
 0.0899839920000000
 0.0896111100000000
 0.0914306140000000
 0.0896854910000000
 0.0853231350000000
 0.0871985120000000
 0.0874633510000000
 0.0907997380000000
 0.0934080310000000
 0.0928882720000000
 0.0924806080000000
 0.0995229840000000
 0.1345656360000000
 0.0931207730000000
 0.1039369530000000
 0.0964688250000000
 0.0946626600000000
 0.0972523740000000
 0.1047274170000000
 0.1112642810000000
 0.1040383620000000
 0.1054893850000000
 0.0905724060000000
 0.1010077400000000
 0.1122965350000000
 0.1272453630000000
 0.0946941580000000
 0.0977954600000000
 0.0956055170000000
 0.1474790090000000
 0.0958693080000000
 0.1085116270000000
 0.1574481530000000
 0.0945959610000000
 0.1002933330000000
 0.1378187730000000
 0.0939944190000000
 0.1551093780000000
 0.0888639470000000
 0.0985644830000000
 0.1013176260000000
 0.1053601080000000
 0.1815480040000000
 0.0985188060000000
 0.0963076320000000
 0.1117746810000000
 0.0910397830000000
 0.1145716140000000
 0.1594059440000000
 0.1476455110000000
 0.0951410720000000
 0.1038112380000000
 0.1249236980000000
 0.1525040190000000
 1.3730845679999999
 0.0937623350000000
 0.1145631630000000
 0.1010328130000000
 0.0971733140000000
 0.1119105920000000
 1.7432654839999999
 0.0872793190000000
 0.0820429000000000
 0.0911397950000000
 0.0998887420000000
 0.1084768450000000
 0.0904049960000000
 0.0914963350000000
 0.1031416710000000
 0.1375537250000000
 0.0993959430000000
 0.1947169260000000
 0.0935627290000000
 0.1057105020000000
 0.0918938020000000
 0.0920792310000000
 0.1009413210000000
 0.0917558660000000
 0.0927043800000000
 0.0917362400000000
 0.1036658990000000
 0.0934149450000000
 0.1093172450000000
 0.1066587370000000
 0.2067199180000000
 0.0961284190000000
 0.1048645850000000
 0.1173001730000000
 0.0978143870000000
 0.0962815810000000
 0.0834460110000000
 0.0934593640000000
 0.0921549390000000
 0.0879787790000000
 0.1369391220000000
 0.1829455980000000
 0.1346969370000000
 22.6944969930000013
 0.1152317540000000
 0.1877999160000000
 0.1622028070000000
 0.1305990710000000
 0.1249564540000000
 0.0907062910000000
 0.0909838400000000
 0.1884370780000000
 0.0980218850000000
 0.0972370790000000
 0.0934158530000000
 0.0924850080000000
 0.0866420180000000
 0.0995685900000000
 0.0907340180000000
 0.1155526750000000
 0.1127535760000000
 0.0864849440000000
 0.0921029770000000
 0.0939311430000000
 0.0906843610000000
 0.0928144500000000
 0.0977552320000000
 0.1487219040000000
 0.0950572630000000
 0.1621613920000000
 0.0914507290000000
 0.0909555540000000
 0.0838786770000000
 0.0898095290000000
 0.0943244880000000
 0.0934514020000000
 0.0888656240000000
 0.1049535620000000
 0.1320954900000000
 0.0937125390000000
 0.0994923240000000
 0.0911422400000000
 0.0954758920000000
 0.1651560470000000
 0.1241786310000000
 0.1576508330000000
 15.5333897170000004
 0.1091994930000000
 0.1667978750000000
 0.0867495030000000
 0.1045726480000000
 0.1697898060000000
 0.1361106650000000
 0.1172132220000000
 0.1839828110000000
 0.1802710950000000
 0.1058514420000000
 0.1686086500000000
 0.0988467810000000
 0.0966365830000000
 0.1046384390000000
 0.0955701780000000
 0.0881908870000000
 0.0871300680000000
 0.0911621450000000
 0.0887118340000000
 0.0900050140000000
 0.1227061680000000
 0.2004402790000000
 0.0867576050000000
 0.0951197710000000
 0.0999350480000000
 0.0860610080000000
 0.0848033060000000
 0.2426179160000000
 0.1349877570000000
 0.2474348690000000
 0.0872531290000000
 0.0891629380000000
 0.0915313960000000
 0.1105499440000000
 0.1158893100000000
 0.1108821090000000
 0.0878303660000000
 0.0894059860000000
 0.0964187480000000
 0.0928923930000000
 0.1181051640000000
 0.0903806210000000
 0.0878433570000000
 0.0961956750000000
 0.0967801780000000
 0.0949141580000000
 0.0867947600000000
 0.0929039870000000
 0.2435876620000000
 0.0890446970000000
 0.0865639350000000
 0.0878204490000000
 0.2669594880000000
 0.0929795540000000
 0.1056205470000000
 0.0885109700000000
 0.0969100130000000
 0.0947079170000000
 0.1073491880000000
 0.0968201270000000
 0.0989846480000000
 0.0997397020000000
 0.0931537390000000
 0.0943207170000000
 0.0921915360000000
 0.0923700490000000
 0.0866666010000000
 7.5711123889999996
 0.0936973830000000
 0.0914384370000000
 0.0959935550000000
 0.2714947710000000
 0.2891883600000000
 3.3237066440000000
 0.2929089450000000
 0.0904581450000000
 0.0919348690000000
 0.0907288500000000
 0.2268193300000000
 0.0860742070000000
 0.2874034270000000
 0.2845902900000000
 0.0896518970000000
 0.0905125510000000
 0.1081578100000000
 0.1019165840000000
 0.0884241580000000
 0.0941055360000000
 0.0955481070000000
 0.0892814590000000
 0.1011479110000000
 0.0922800950000000
 0.0938446790000000
 0.0892223740000000
 0.0924882210000000
 0.0926531860000000
 0.1042040260000000
 0.0867602580000000
 0.0925464690000000
 0.0878667540000000
 0.0000092200000000
 0.0878951790000000
 0.0904253190000000
 0.0943395740000000
 0.0000143870000000
 0.0927365770000000
 0.0898003800000000
 0.0000081720000000
 0.0000074030000000
 0.0916196050000000
 0.0935745330000000
 0.0931790210000000
 0.1175114430000000
 0.0000286350000000
 0.1070833720000000
 0.0000076130000000
 0.0886183160000000
 0.0882940430000000
 0.1022713080000000
 0.0937540240000000
 0.0000079620000000
 0.0845018010000000
 0.2588457470000000
 0.0864542140000000
 0.0907105510000000
 0.0900893130000000
 0.0906510460000000
 0.0881875350000000
 0.1985989140000000
 0.0000081720000000
 0.0916698210000000
 0.0866508870000000
 0.3052507370000000
 0.0973834660000000
 0.0906977010000000
 0.0893612180000000
 0.0913162840000000
 0.0931290850000000
 0.0891106970000000
 0.0871180550000000
 0.0840844300000000
 0.0825349310000000
 0.0901733320000000
 0.1197154250000000
 0.0930266970000000
 0.0905437000000000
 0.0875093060000000
 0.0975071550000000
 0.0920636560000000
 0.1119354560000000
 0.0867417500000000
 0.0906939290000000
 0.0920848880000000
 0.0867915470000000
 0.1146788910000000
 0.0867989510000000
 0.2118035250000000
 0.0982412570000000
 0.0900580240000000
 0.2178143450000000
 0.0898628180000000
 0.0906893900000000
 0.0912087290000000
 0.0969626030000000
 0.0926012240000000
 0.0874667730000000
 0.0916192560000000
 0.0972469260000000
 0.0906824060000000
 0.0908459030000000
 0.0943977510000000
 0.0905517320000000
 0.0914379480000000
 0.0949457260000000
 0.0975270600000000
 0.1070783430000000
 0.0919864120000000
 0.0914438840000000
 0.0000071940000000
 0.0896968750000000
 0.0917974910000000
 0.0909991350000000
 0.0000110350000000
 0.0938318980000000
 0.0888776370000000
 0.0000081010000000
 0.0000081020000000
 0.0876330650000000
 0.0875831290000000
 0.0884823350000000
 0.0934860440000000
 0.0000104070000000
 0.1160828400000000
 0.0000080320000000
 0.0881712620000000
 0.0915964180000000
 0.0895448310000000
 0.0944285520000000
 0.0000071930000000
 0.0887752490000000
 0.2709184410000000
 0.0906261830000000
 0.0911721320000000
 0.0904288120000000
 0.0991860000000000
 0.0871651980000000
 0.2362923220000000
 0.0000095680000000
 0.0885126460000000
 0.0918000050000000
 0.3225296790000000
 0.0894409760000000
 0.0924574210000000
 0.0911183540000000
 0.1018292130000000
 0.0948272750000000
 0.0861314780000000
 0.0899906970000000
 0.0947755930000000
 0.0947147620000000
 0.1173027580000000
 0.0964742720000000
 0.0965716310000000
 0.0933851920000000
 0.1042567560000000
 0.0923925390000000
 0.1289082830000000
 0.0913346530000000
 0.1055940770000000
 0.0994333080000000
 0.0922526460000000
 0.2234195960000000
 0.0955973450000000
 0.0897227160000000
 0.2261079270000000
 0.0898766470000000
 0.0924492500000000
 0.0918385570000000
 0.0888626900000000
 0.0903137830000000
 0.0926843360000000
 0.0960871430000000
 0.1020438350000000
 0.0895858980000000
 0.1194093800000000
 0.1210044850000000
 0.0913616820000000
 0.0900357450000000
 0.0882372620000000
 0.0924463170000000
 0.1086665340000000
 0.1234727460000000
 0.0977001260000000
 0.0919003670000000
 0.0934674660000000
 0.0969587610000000
 0.0969725900000000
 0.0910710030000000
 0.2312356040000000
 0.0926834280000000
 0.1140068080000000
 0.2388919540000000
 0.0911172370000000
 0.0931589070000000
 0.0945563620000000
 0.0909554150000000
 0.0966285520000000
 0.0940071290000000
 0.0932464880000000
 0.0881762210000000
 0.0953097400000000
 0.0887589770000000
 0.0935227110000000
 0.0943874850000000
 0.0900210080000000
 0.0938034720000000
 0.1017112510000000
 0.0914898400000000
 0.0913292750000000
 0.0903594590000000
 0.0000095680000000
 0.0920788810000000
 0.0930332620000000
 0.0909980170000000
 0.0000095680000000
 0.1040833410000000
 0.0941006470000000
 0.0000123620000000
 0.0000096380000000
 0.0859170640000000
 0.1042818990000000
 0.0956372950000000
 0.0907623040000000
 0.0000085900000000
 0.1191205170000000
 0.0000101960000000
 0.0903092430000000
 0.0928603360000000
 0.0857179470000000
 0.0910375480000000
 0.0000108260000000
 0.0836976480000000
 0.2935980690000000
 0.0903227230000000
 0.0970644310000000
 0.0973287810000000
 0.0931110650000000
 0.0931373260000000
 0.2289779150000000
 0.0000105460000000
 0.0899207860000000
 0.0858761370000000
 0.3137620840000000
 0.0857554520000000
 0.0915609390000000
 0.0949205840000000
 0.0930447860000000
 0.0874000050000000
 0.0861851150000000
 0.0884614520000000
 0.1393149130000000
 0.1456923990000000
 0.0927853950000000
 0.0987123360000000
 0.1340417560000000
 0.2026351120000000
 0.1858338140000000
 0.0973149520000000
 0.1009902790000000
 0.0985953520000000
 0.0987718410000000
 0.1040112640000000
 0.1014899940000000
 0.0929938720000000
 0.1021233850000000
 0.1030837020000000
 0.0949958030000000
 0.1436209770000000
 0.0883797380000000
 0.0936821580000000
 0.1441462530000000
 0.0955706660000000
 0.1411466400000000
 0.2496706980000000
 0.0941787990000000
 0.0978425330000000
 0.0939467870000000
 0.0986147680000000
 0.0871008750000000
 0.0886447860000000
 0.0908378020000000
 0.0838434070000000
 0.1112410240000000
 0.0884173830000000
 0.0965960760000000
 0.0965807110000000
 0.0938348310000000
 0.0862403600000000
 0.0000104070000000
 0.2943930720000000
 0.0937138650000000
 0.1139852280000000
 0.1012071360000000
 0.0912664880000000
 0.1182935960000000
 0.0951743170000000
 0.0917059990000000
 0.0982349720000000
 0.0938511040000000
 0.0877647860000000
 0.0940558090000000
 0.6796314190000000
 0.6759064350000000
 0.0876419350000000
 0.0965461390000000
 0.1024693780000000
 0.0895300940000000
 0.0909019160000000
 0.0912309380000000
 0.1209190700000000
 0.1333955850000000
 0.1352734080000000
 0.0911270150000000
 0.0982606720000000
 0.1290578830000000
 6.8539307359999997
 7.0230912720000003
 0.1002278220000000
 0.0990227110000000
 0.1011888380000000
 0.1035363440000000
 0.1042573850000000
 0.0990039240000000
 0.0914482150000000
 0.1047964200000000
 0.0997746220000000
 0.0947635800000000
 0.1609496450000000
 0.1006225650000000
 0.0930449260000000
 0.1632331770000000
 0.0936660240000000
 0.1684951580000000
 0.2800682760000000
 0.0924243860000000
 0.0995486850000000
 0.0892554780000000
 0.1136727570000000
 0.0938823930000000
 0.0902185890000000
 0.0910563350000000
 0.0937586350000000
 0.0957244570000000
 0.0871074390000000
 0.0947951490000000
 0.0922279230000000
 0.0000087300000000
 0.2681534240000000
 0.0893994910000000
 0.0935988370000000
 0.0993678660000000
 0.0889222650000000
 0.0956650920000000
 0.0923812250000000
 0.0946304630000000
 0.1097503320000000
 0.0892593890000000
 0.0960778530000000
 0.0892682590000000
 0.4156047770000000
 0.4148175950000000
 0.0939925320000000
 0.0975405390000000
 0.0879863920000000
 0.0956965900000000
 0.0883162520000000
 0.0912539160000000
 0.0929287100000000
 0.0985861330000000
 0.0982524310000000
 0.0915529070000000
 0.0922022210000000
 0.0930541450000000
 0.0949009580000000
 0.0932542400000000
 0.0987436950000000
 0.0926552120000000
 0.0951558090000000
 0.0896731290000000
 0.0933871480000000
 0.0915181960000000
 0.1112799950000000
 0.0949283360000000
 0.0906250660000000
 0.0940698470000000
 0.0912351290000000
 0.0878729000000000
 0.0887245450000000
 0.0955919680000000
 0.0914646270000000
 0.0926451540000000
 0.1022905840000000
 0.0936234210000000
 0.0000098480000000
 0.2425471670000000
 0.0897260680000000
 0.0904752560000000
 0.0969760130000000
 0.0934037010000000
 0.0910831550000000
 0.0882330020000000
 0.0955238730000000
 0.0895465760000000
 0.0923168300000000
 0.0920900560000000
 0.0963224370000000
 0.0938688440000000
 0.0902912240000000
 0.3935873140000000
 0.0925641390000000
 0.0916486590000000
 0.0925504500000000
 0.0923720750000000
 0.0935106280000000
 0.0933582350000000
 0.1243096540000000
 0.0998830160000000
 0.0935339540000000
 0.1031368510000000
 0.0963772630000000
 0.0870433250000000
 0.0969959180000000
 0.0975863560000000
 0.0962188630000000
 0.1330440740000000
 0.0970552820000000
 0.0980421390000000
 0.1181379900000000
 0.0952944440000000
 0.1264649560000000
 0.1182273170000000
 0.0950367300000000
 0.0990917840000000
 0.1081797410000000
 0.1235171650000000
 0.1134400470000000
 0.1456495170000000
 0.0884040430000000
 0.1201560530000000
 0.1232180350000000
 0.1025360760000000
 0.0997948060000000
 0.0980021910000000
 0.1442473130000000
 0.1029147560000000
 0.1169497800000000
 0.1152725410000000
 0.1116746690000000
 0.1797967340000000
 0.1830653060000000
 0.1801230320000000
 0.1185431380000000
 0.1483187810000000
 0.0921749840000000
 0.1943202280000000
 0.1888493510000000
 0.0953992760000000
 0.1829867350000000
 0.3555206040000000
 0.3471100370000000
 0.3424464560000000
 0.0987137330000000
 0.1019181200000000
 0.0988555110000000
 0.0931545770000000
 0.0992080690000000
 0.1162059010000000
 0.1516646670000000
 0.1430676240000000
 0.0910214850000000
 0.0913317190000000
 0.0942596050000000
 0.0886526780000000
 0.0988276440000000
 0.0892563160000000
 0.1062015570000000
 0.0968842410000000
 0.0962528060000000
 0.0880982080000000
 0.0939750720000000
 0.1032019430000000
 0.1019358610000000
 0.0952541450000000
 0.0981098860000000
 0.0971809270000000
 0.0944410530000000
 0.0976629010000000
 0.0971684250000000
 0.0952486280000000
 0.1143861850000000
 0.1176673290000000
 0.1011430930000000
 0.1178464720000000
 0.2038173140000000
 0.2026867240000000
 0.1919833380000000
 0.1861585070000000
 0.1817955210000000
 0.1910465570000000
 0.0931056880000000
 0.1622191500000000
 0.0967173900000000
 0.2205142690000000
 0.1914677700000000
 0.0962755740000000
 0.1980957770000000
 0.3716060980000000
 0.3671042690000000
 0.3536489970000000
 0.1014043690000000
 0.1189127390000000
 0.1193787900000000
 0.0821797190000000
 0.0989660700000000
 0.0924260630000000
 0.0940406540000000
 0.0895221320000000
 0.1188671320000000
 0.1229173680000000
 0.1003695300000000
 0.0904320940000000
 0.8971013070000000
 0.1049006230000000
 0.0895697640000000
 0.0925335480000000
 0.0875314460000000
 0.0903709830000000
 0.0895935090000000
 0.0898055480000000
 0.0932029770000000
 0.0907071990000000
 0.0970307680000000
 0.0850861640000000
 0.0963445770000000
 0.1080998420000000
 0.0962182340000000
 0.0997183300000000
 0.0930566600000000
 0.0933832370000000
 0.0884104680000000
 0.0951832570000000
 0.0965105900000000
 0.0932376190000000
 0.0940032190000000
 0.0892351540000000
 0.0951215870000000
 0.0896385570000000
 0.0945108250000000
 0.0954093330000000
 0.0969774790000000
 0.0859401120000000
 0.0882671540000000
 0.0947464700000000
 0.0935272500000000
 0.0887853060000000
 0.0904668750000000
 0.0928293960000000
 0.0925795040000000
 0.0985146160000000
 0.0884430840000000
 0.0866557060000000
 0.0903622530000000
 0.0930472310000000
 0.0943423680000000
 0.0952212510000000
 0.0964837010000000
 0.0936694470000000
 0.0873303030000000
 0.1040771240000000
 0.0883714970000000
 0.0958384380000000
 0.0875963990000000
 0.0856989500000000
 0.0857386900000000
 0.0913376560000000
 0.0909271980000000
 0.0933511100000000
 0.0941971680000000
 0.0880626580000000
 0.1021232440000000
 0.0969887230000000
 0.0877373380000000
 0.0957227800000000
 0.0966133270000000
 0.0895312110000000
 0.0889161900000000
 0.0962094340000000
 0.0847324870000000
 0.0928889010000000
 0.0848155980000000
 0.0902651730000000
 0.0987288890000000
 0.0890148740000000
 0.0940547610000000
 0.0893349570000000
 0.0921040940000000
 0.0933775100000000
 0.0910884620000000
 0.0917930910000000
 0.0867958080000000
 0.0939296050000000
 0.0962762730000000
 0.0894850470000000
 0.1239170070000000
 0.0914791550000000
 0.1093175250000000
 0.0855498390000000
 0.0953352310000000
 0.1039338800000000
 0.0910437640000000
 0.1028114610000000
 0.0928529320000000
 0.0954094030000000
 0.0970355170000000
 0.0941978660000000
 0.0953397010000000
 0.0967716560000000
 0.0938440500000000
 0.0952368250000000
 0.1021965080000000
 0.0944594910000000
 0.0933985330000000
 0.1008397010000000
 0.0955418910000000
 0.0948958600000000
 0.0924831930000000
 0.1037045220000000
 0.0898010080000000
 0.0971262410000000
 0.0942146280000000
 0.0995254280000000
 0.0995502220000000
 0.0921853190000000
 0.0904363540000000
 0.0906650850000000
 0.0964954350000000
 0.0943535420000000
 0.0936506590000000
 0.1026269400000000
 0.0929750850000000
 0.0959343990000000
 0.1017104130000000
 0.1016289080000000
 0.0960516630000000
 0.0950000630000000
 0.0898534590000000
 0.0946546980000000
 0.0936836940000000
 0.0962552500000000
 0.0945230470000000
 0.0972099110000000
 0.0981890860000000
 0.0937417320000000
 0.0952114720000000
 0.1127421920000000
 0.1104306560000000
 0.0957540690000000
 0.0972521650000000
 0.0945629960000000
 0.0957567230000000
 0.0947860690000000
 0.0963998210000000
 0.1844950270000000
 0.0876600940000000
 0.0907810210000000
 2.7944878470000001
 0.0940116700000000
 0.0904170080000000
 0.0934317770000000
 0.0952285140000000
 0.0959086280000000
 0.0856291790000000
 0.0931198660000000
 0.0986391430000000
 0.0926793760000000
 0.1038257660000000
 0.0967692120000000
 0.0928844310000000
 0.0950394530000000
 0.0909816050000000
 0.0922983220000000
 0.0878632610000000
 0.0939178030000000
 0.1001350030000000
 0.0886268360000000
 0.0975288060000000
 0.0914932620000000
 0.0917672490000000
 0.0922550210000000
 0.1017099240000000
 0.0920642140000000
 0.0896537830000000
 0.1102388020000000
 0.0957201970000000
 0.0900317640000000
 0.0870100810000000
 0.0997872640000000
 0.0956849260000000
 0.0943026980000000
 0.0903733570000000
 0.0984296190000000
 0.0891178210000000
 0.0907363220000000
 0.0937807740000000
 0.0945750790000000
 0.0923736120000000
 0.0930001570000000
 0.0943112880000000
 0.0901738210000000
 0.0871985830000000
 0.0936303360000000
 0.0946641260000000
 0.0984017520000000
 0.0902843800000000
 0.0908851540000000
 0.0918463100000000
 0.0907629320000000
 0.0934463040000000
 0.0917370780000000
 0.0886320750000000
 0.1018892770000000
 0.0894102460000000
 0.0872325250000000
 0.0911461520000000
 0.0907687990000000
 0.0881380170000000
 0.0935109770000000
 0.0895839420000000
 0.0909136490000000
 0.0891262020000000
 0.0923178790000000
 0.1006611870000000
 0.0977912690000000
 0.0929471480000000
 0.0964279680000000
 0.0902088110000000
 0.0921135220000000
 0.0883762460000000
 0.0919753760000000
 0.0952731430000000
 0.0893788180000000
 0.0918287800000000
 0.0963398280000000
 0.0933561390000000
 0.0871107920000000
 0.0952857840000000
 0.0909838400000000
 0.0925756620000000
 0.0902825640000000
 0.0851007600000000
 0.0913561640000000
 0.0919449960000000
 0.0885626530000000
 0.0891194270000000
 0.0961459480000000
 0.0870301950000000
 0.0887788110000000
 0.0965281900000000
 0.0894944050000000
 0.0979711810000000
 0.1016685080000000
 0.1111680400000000
 0.0849712040000000
 0.0979270410000000
 0.1132143190000000
 0.0906830330000000
 0.1216224410000000
 0.1284939150000000
 0.0911101830000000
 0.0919546340000000
 0.0988046660000000
 0.0997918030000000
 0.0885219350000000
 0.1255145560000000
 0.1037175120000000
 0.0905642340000000
 0.0927825320000000
 0.0870317320000000
 0.0959098850000000
 0.0926418720000000
 0.0988921780000000
 0.0919500240000000
 0.0902597960000000
 0.0898190970000000
 0.0921377570000000
 0.0942507360000000
 0.0903757320000000
 0.0948568880000000
 0.0880244550000000
 0.0889914080000000
 0.0866301450000000
 0.0867924560000000
 0.0949294540000000
 0.0843417250000000
 0.0924528820000000
 0.0971877010000000
 0.0894613700000000
 0.0942941770000000
 0.1023134920000000
 0.0928136820000000
 0.0901430210000000
 0.0919697890000000
 0.0877800110000000
 0.0961620120000000
 0.0887397000000000
 0.0942332060000000
 0.0856295980000000
 0.0886156620000000
 0.0893843350000000
 0.1157401990000000
 0.0994582410000000
 0.0881460490000000
 0.0893633130000000
 0.1066275190000000
 0.1214210890000000
 0.0940419100000000
 0.0911756250000000
 0.0894285440000000
 0.0935398210000000
 0.0862565630000000
 0.0000091490000000
 0.0903661630000000
 0.0000081010000000
 0.0000103360000000
 0.0896723610000000
 0.0884313510000000
 0.0897598720000000
 0.0895962330000000
 0.0896558780000000
 0.0000077520000000
 0.0904313260000000
 0.0916182790000000
 0.0993801580000000
 0.1093934430000000
 0.0000180190000000
 0.1230583080000000
 0.0901382720000000
 0.0918806030000000
 0.0884269500000000
 0.0862207340000000
 0.0930240430000000
 0.0951022410000000
 0.0909450080000000
 0.1138753670000000
 0.0889997890000000
 0.0986592570000000
 0.0868019540000000
 0.0882107220000000
 0.0906699040000000
 0.0883552240000000
 0.0896593010000000
 0.0895566340000000
 0.0913854970000000
 0.0944146530000000
 0.0902705510000000
 0.0876338330000000
 0.0000094990000000
 0.0910240690000000
 0.0877348240000000
 0.0000101270000000
 0.0000090100000000
 0.0973222850000000
 0.0916655600000000
 0.1140957860000000
 0.0926345390000000
 0.0936582030000000
 0.0898638650000000
 0.1078798420000000
 0.0000076830000000
 0.1020300770000000
 0.0995865390000000
 0.2235332290000000
 0.0000090800000000
 0.2020172960000000
 0.0898473130000000
 0.0849966270000000
 0.0878996490000000
 0.0879542660000000
 0.0905445390000000
 0.0000108950000000
 0.0000104760000000
 0.0887444490000000
 0.0927368570000000
 11.0822834320000005
 0.1225809430000000
 0.2052411000000000
 0.1106227890000000
 12.8766835579999999
 11.2040877390000002
 0.0877927920000000
 0.1218074500000000
 0.3918914280000000
 0.0941542850000000
 0.1360130960000000
 0.7611905980000000
 0.1216257230000000
 0.0964834920000000
 0.1844209250000000
 0.0883453070000000
 0.1692121480000000
 0.0000062160000000
 0.1026902160000000
 1.9299836290000001
 0.0923356180000000
 0.3734236480000000
 0.1201605930000000
 0.1286558760000000
 0.1031092640000000
 0.2053814800000000
 0.0951604190000000
 0.1185177860000000
 0.0981488570000000
 0.0988282030000000
 0.1055261910000000
 0.1364643410000000
 0.1173658240000000
 0.1312560680000000
 0.1210093040000000
 0.0904719030000000
 0.0921084940000000
 0.0000067750000000
 0.1058160320000000
 0.1497668690000000
 0.1165891190000000
 0.1353096550000000
 0.1115849910000000
 0.0980558280000000
 0.0971731040000000
 0.1137444840000000
 0.0981960000000000
 0.0000090100000000
 0.1026056390000000
 0.2025066730000000
 0.0957111170000000
 0.0977214280000000
 0.0957142600000000
 0.0938596940000000
 0.0972958860000000
 0.1033706100000000
 0.0929895420000000
 0.1379316360000000
 0.0915061130000000
 0.0953300630000000
 0.0906736050000000
 0.0925964050000000
 0.0932052120000000
 0.0890259800000000
 0.1006583240000000
 0.1019437520000000
 0.1251967780000000
 0.1083377910000000
 0.1103147180000000
 0.0956450470000000
 0.0909307600000000
 0.0921094720000000
 0.0933133260000000
 0.0858532300000000
 0.0892823660000000
 0.0907314330000000
 0.0926601010000000
 0.0940748060000000
 0.0898938280000000
 0.0901231860000000
 0.0917090020000000
 0.0926634530000000
 0.1038088640000000
 0.0869431730000000
 0.0916575290000000
 0.0903202780000000
 0.0901644630000000
 0.0893288110000000
 0.0890771030000000
 0.0955080180000000
 0.0902208240000000
 0.0932532620000000
 0.0863218650000000
 0.0901242340000000
 0.0883131800000000
 0.0898423540000000
 0.0927960810000000
 0.0909557640000000
 0.0894080120000000
 0.0882638010000000
 0.0927134600000000
 0.0929113200000000
 0.0959303490000000
 0.0908540060000000
 0.0954193900000000
 0.1054186360000000
 0.1046928450000000
 0.1014107240000000
 0.0908625950000000
 0.0894765950000000
 0.2786162770000000
 0.0901483980000000
 0.1209726370000000
 0.1084433920000000
 0.1199900410000000
 0.1077186490000000
 0.1184016400000000
 0.1067695060000000
 0.1127405860000000
 0.1177142630000000
 0.1095961920000000
 0.1165436530000000
 0.1510747170000000
 0.1265945110000000
 0.1033853460000000
 0.1068674930000000
 0.1147717800000000
 0.1000958220000000
 0.1642149350000000
 0.1570666800000000
 0.1563096700000000
 0.1405750590000000
 0.1321288740000000
 0.3121512650000000
 0.1707098250000000
 0.0990394720000000
 0.0943693260000000
 0.1711126690000000
 0.0963532380000000
 0.1623417920000000
 0.1013455620000000
 0.1575280510000000
 0.1288594640000000
 0.1014339810000000
 0.1635186870000000
 0.1598394480000000
 0.0914596680000000
 0.0965828760000000
 0.1456125710000000
 0.1103077340000000
 0.1280775210000000
 0.1018223680000000
 0.0979141900000000
 0.0997454280000000
 0.1208964410000000
 0.1224042440000000
 0.3062980070000000
 0.3036324450000000
 0.2281570710000000
 4.5221591700000001
 6.5876327149999998
 4.6296002690000000
 0.1300397120000000
 0.1252790510000000
 1.2479810280000001
 1.2635264390000001
 4.8143017480000001
 4.9362129819999998
 0.1846145950000000
 0.2603050810000000
 0.2604610360000000
 0.0919464620000000
 0.1017940130000000
 0.1064876260000000
 0.1265402440000000
 0.1255002380000000
 0.1251116410000000
 0.1484958980000000
 0.1326183920000000
 0.0919245320000000
 0.1093326810000000
 0.1048169530000000
 0.1335590830000000
 0.1437314660000000
 0.1497505970000000
 0.1119791060000000
 0.1679994950000000
 0.1653886180000000
 0.1126592210000000
 0.2260394120000000
 0.2263331650000000
 0.4009200890000000
 0.1270210320000000
 0.1722000280000000
 0.1073649730000000
 0.0936087550000000
 51.3037470490000018
 0.0893947410000000
 0.1048539690000000
 0.1262468410000000
 0.0940353450000000
 0.0943806410000000
 0.1031881140000000
 0.0947898410000000
 0.1085885220000000
 0.1211968980000000
 0.1106622490000000
 1.3401083100000000
 0.1854118330000000
 1.3474680440000000
 0.1862083730000000
 0.1153018750000000
 0.1023765590000000
 0.0980670030000000
 0.0896259170000000
 0.4580196640000000
 2.0607444519999998
 0.9261367020000000
 2.3982847669999998
 0.2085160260000000
 0.1054722730000000
 0.0889863090000000
 0.1047017850000000
 0.0888549380000000
 0.0910960050000000
 0.0000104760000000
 0.1010388890000000
 0.0917951160000000
 0.0000104760000000
 0.1008357910000000
 0.0000085910000000
 0.0956312190000000
 0.0941148950000000
 0.0930703480000000
 0.0957482730000000
 0.0957627290000000
 0.0914977320000000
 0.0893434080000000
 0.1667781800000000
 0.0000143880000000
 0.0901961700000000
 0.0000101970000000
 0.1555847880000000
 0.0947751040000000
 0.0845444740000000
 0.0943455110000000
 0.0973515490000000
 0.0900135350000000
 0.6375232740000000
 0.0000090800000000
 0.0925561770000000
 0.0000106860000000
 0.6407331800000000
 0.1204085300000000
 0.0950678780000000
 0.0931757390000000
 0.0898530400000000
 0.0914135740000000
 0.0928819870000000
 0.0908896240000000
 10.1684087630000004
 0.0000110350000000
 0.0940744560000000
 0.0000088700000000
 0.0929694280000000
 0.0965290280000000
 0.0942353010000000
 0.0948149840000000
 0.0959628940000000
 0.0898786720000000
 0.0917894590000000
 0.0952649710000000
 0.0921921640000000
 0.0956352000000000
 0.1034320700000000
 0.0973286410000000
 0.0988809340000000
 0.1029891360000000
 0.0962214470000000
 0.0945201140000000
 0.0000091490000000
 0.0000089400000000
 0.0945111740000000
 0.0911175860000000
 0.0000106160000000
 0.0951863990000000
 0.1007788700000000
 0.0919871100000000
 0.0000160640000000
 0.0911974840000000
 0.0911939230000000
 0.0000110350000000
 0.1112590430000000
 0.1050745980000000
 0.0000090090000000
 0.0956491680000000
 0.0000091490000000
 0.1043533460000000
 0.1028296200000000
 0.0000118040000000
 0.0930750270000000
 0.0000090100000000
 0.0925955670000000
 0.0938578080000000
 0.0938337130000000
 0.0954991480000000
 0.0000105460000000
 0.0000094980000000
 0.0948011540000000
 0.0955370730000000
 0.0000090790000000
 0.0914193700000000
 0.0000104760000000
 0.0940519680000000
 0.0000085210000000
 0.0920461260000000
 0.0956782220000000
 0.0000085900000000
 0.0963313780000000
 0.0937401960000000
 0.0980731490000000
 0.1006588820000000
 0.0963264890000000
 0.0000119420000000
 0.0951124380000000
 0.0969985710000000
 0.0000101270000000
 0.0962884940000000
 0.0981266470000000
 0.1187152980000000
 0.0946130030000000
 0.0000090790000000
 0.0957294850000000
 0.0939354720000000
 0.0000386230000000
 0.0983303040000000
 0.0935437320000000
 0.0892646270000000
 0.0000086600000000
 0.0842452040000000
 0.0951164180000000
 0.0000100580000000
 0.0911092750000000
 0.0967089390000000
 0.0000108960000000
 0.0977445460000000
 0.0991404630000000
 0.0000104070000000
 0.0900214270000000
 0.1162499000000000
 0.1193521800000000
 0.0995380000000000
 0.0000152260000000
 0.0000091490000000
 0.1058165910000000
 0.1039984130000000
 0.0000107560000000
 0.0921303550000000
 0.0959749770000000
 0.0000085910000000
 0.1126756330000000
 0.0998308440000000
 0.0000094990000000
 0.1116098550000000
 0.0906247170000000
 0.0961354720000000
 0.0975811870000000
 0.0000093590000000
 0.0905841390000000
 0.0000091490000000
 0.0901117320000000
 0.0978926790000000
 0.0000108950000000
 0.0940649580000000
 0.0000118030000000
 0.0962452630000000
 0.0959774920000000
 0.0000138280000000
 0.0975275490000000
 0.0967944250000000
 0.0000142480000000
 0.0924787930000000
 0.0957607740000000
 0.0000085900000000
 0.0922881260000000
 0.0000102660000000
 0.0937308370000000
 0.1011020950000000
 0.0985484180000000
 0.0000095690000000
 0.0909996240000000
 0.0000113840000000
 0.0916897960000000
 0.0000118730000000
 0.0890248620000000
 0.0000157140000000
 0.0884210140000000
 0.0000153650000000
 0.0915679930000000
 0.0000083810000000
 0.0890534270000000
 0.0000085900000000
 0.0879571990000000
 0.0000143170000000
 0.0932668120000000
 0.1002905400000000
 0.0975698720000000
 0.0973014030000000
 0.1015314790000000
 0.0957591680000000
 0.0867010330000000
 0.0909877520000000
 0.0000104760000000
 0.0927184180000000
 0.0933803040000000
 0.0000085200000000
 0.1061753660000000
 0.0000168320000000
 0.0997369770000000
 0.1015193970000000
 0.0000099180000000
 0.0897349390000000
 0.0955151420000000
 0.0000141780000000
 0.0882332810000000
 0.1024554790000000
 0.1527164770000000
 0.1561820010000000
 0.0969343170000000
 0.1608547310000000
 0.0000101970000000
 0.0000104760000000
 0.2130974750000000
 0.2136585090000000
 0.0000089400000000
 0.1789461370000000
 0.1765687400000000
 0.0970293710000000
 0.0992990730000000
 0.1525221780000000
 0.0000093590000000
 0.1396843730000000
 0.1425378780000000
 0.0903656050000000
 0.0000087310000000
 0.1612789480000000
 0.1655543510000000
 0.0000090790000000
 0.1267580090000000
 0.0900826080000000
 0.0940379990000000
 0.0980716820000000
 0.1058932770000000
 0.0920458470000000
 0.0938770160000000
 0.0896337380000000
 0.1000245840000000
 0.0901788500000000
 0.0913639170000000
 0.0944115110000000
 0.0961794730000000
 0.0948205710000000
 0.0921802910000000
 0.0908970970000000
 0.0991301270000000
 0.0954177140000000
 0.0890004170000000
 0.0887802080000000
 0.0940453320000000
 0.0982184190000000
 0.0941022530000000
 0.0918652370000000
 0.0880349320000000
 0.0943832950000000
 0.0871724620000000
 0.0912409260000000
 0.0912441390000000
 0.0961717200000000
 0.0945434400000000
 0.0959304880000000
 0.0873740930000000
 0.0914827860000000
 0.0995746670000000
 0.1222457040000000
 0.1125074560000000
 0.1087720650000000
 0.1100571440000000
 0.1126852720000000
 0.1178184660000000
 0.1381386460000000
 0.1154447000000000
 0.1100481350000000
 0.1229818310000000
 0.1605972970000000
 0.1472239480000000
 0.1085981600000000
 0.1149843760000000
 0.1220618120000000
 0.4561713850000000
 0.4259617500000000
 0.3673653360000000
 0.2866654140000000
 0.3944211480000000
 0.2268504790000000
 0.4074555570000000
 0.7969278920000000
 0.2053138740000000
 0.4095835500000000
 0.7928021580000000
 0.2200267070000000
 0.2269395280000000
 0.7692069800000000
 0.7406520940000000
 0.5344793130000000
 0.2175002690000000
 0.2206146310000000
 0.2081331560000000
 1.1275816480000000
 0.8741635460000000
 0.6540899050000000
 0.5473850030000000
 0.2831333320000000
 0.2901961710000000
 0.2839276360000000
 0.0902203350000000
 0.0981525590000000
 0.1151777670000000
 0.0895781450000000
 0.0970013650000000
 0.0998837840000000
 0.0925170650000000
 0.0981008060000000
 0.0998265150000000
 0.0964667300000000
 0.1093844330000000
 0.1053744260000000
 0.0964318100000000
 0.0931954340000000
 0.0955585830000000
 0.1030905460000000
 0.1011122930000000
 0.1365436810000000
 0.2004973400000000
 0.1060174550000000
 0.2011995240000000
 0.2219789800000000
 0.4299894960000000
 0.2757263150000000
 0.3584609910000000
 0.0917719290000000
 0.0940278020000000
 0.1045792130000000
 0.0956884180000000
 0.0987265140000000
 0.0926321640000000
 0.1009464890000000
 0.1008690350000000
 0.1013552000000000
 0.0921772880000000
 0.0997485010000000
 0.0987888830000000
 0.0997732250000000
 0.1020844130000000
 0.1071146610000000
 0.1026001910000000
 0.0924776050000000
 0.1184253870000000
 0.1108529160000000
 0.0964267110000000
 0.1097332210000000
 0.1076168200000000
 0.1038200380000000
 0.1016929520000000
 0.1013944500000000
 0.1015151370000000
 0.1929928240000000
 0.1997688950000000
 0.2645838370000000
 0.5060065590000000
 0.5330204670000001
 0.2129603070000000
 0.4175821230000000
 0.2711038000000000
 0.3397732820000000
 0.0932515860000000
 0.0879223470000000
 0.0931265010000000
 0.1032789780000000
 0.0954814790000000
 0.1021289020000000
 0.0975285960000000
 0.0989303110000000
 0.0944227550000000
 0.0922743670000000
 0.1093470670000000
 0.1009770090000000
 0.1051215310000000
 0.0982508250000000
 0.0922852620000000
 0.0939769580000000
 0.1065048080000000
 0.0904619160000000
 0.0927843490000000
 0.0888816870000000
 0.0963929080000000
 0.1020691880000000
 0.1026340640000000
 0.0968351430000000
 0.0935339540000000
 0.0937366340000000
 0.1037235180000000
 0.0983469970000000
 0.0951253580000000
 20.5061432359999998
 20.4995929620000013
 0.2575164580000000
 0.0904936250000000
 0.0910162460000000
 0.0947201390000000
 0.0952301900000000
 0.0916845580000000
 0.0989326850000000
 0.0926877580000000
 0.0943662530000000
 0.0919005760000000
 0.0984669140000000
 0.0944446850000000
 0.0968185900000000
 0.0957179620000000
 0.0935474340000000
 0.1041353030000000
 0.1091455750000000
 0.0942684060000000
 0.0969165080000000
 0.0948730210000000
 0.1049527940000000
 0.1026953140000000
 0.1533132700000000
 0.1755728030000000
 0.0939638970000000
 1.7155802620000000
 48.3053733039999997
 0.1104715130000000
 0.0885783670000000
 0.0958925650000000
 0.0923991740000000
 0.0892857890000000
 0.0954652050000000
 0.0949089200000000
 0.1187926810000000
 0.0963030910000000
 0.0930621070000000
 0.0936868370000000
 0.0933763230000000
 0.0892160870000000
 0.0967866030000000
 0.0990083940000000
 0.0986183300000000
 0.0913750910000000
 0.0952585460000000
 0.0931229390000000
 0.0944297390000000
 0.1009344760000000
 0.0944708750000000
 0.0969410220000000
 0.1012290670000000
 0.0932991480000000
 0.0970290920000000
 0.0927203730000000
 0.0942484310000000
 0.0964123930000000
 0.1011636950000000
 0.0933009640000000
 0.0927851170000000
 0.1041327880000000
 0.0945546150000000
 0.0935534410000000
 0.0973241710000000
 0.0877811290000000
 0.0972470670000000
 0.0998983810000000
 0.0989612510000000
 0.0983826160000000
 0.0965788250000000
 0.0906532120000000
 0.0941632950000000
 0.0975487110000000
 0.0962210980000000
 0.0939244370000000
 0.0994710220000000
 0.0919937450000000
 0.1070666110000000
 0.0988758350000000
 0.0977969260000000
 0.0943434150000000
 0.1014946740000000
 0.0978309400000000
 0.0912574790000000
 0.1001792830000000
 0.0945352690000000
 0.0974055360000000
 0.0989650920000000
 0.0988126980000000
 0.0987656250000000
 0.0993901460000000
 0.0950705320000000
 0.0969928450000000
 0.1010704580000000
 0.0937734410000000
 0.0945393200000000
 0.0987793840000000
 0.0956660000000000
 0.1015312000000000
 0.1013403930000000
 0.0987786850000000
 0.0961464370000000
 0.1156273360000000
 0.1040689530000000
 0.1098664770000000
 0.0983325400000000
 0.1016306540000000
 0.0920685450000000
 0.0966820500000000
 0.1010553710000000
 0.0983456700000000
 0.1038433650000000
 0.1042443940000000
 0.1070562740000000
 0.1027973530000000
 0.1233554120000000
 0.1091784710000000
 0.1152799450000000
 0.0946357010000000
 0.0960881900000000
 0.0984744570000000
 0.0927601840000000
 0.0963028120000000
 0.0974438790000000
 0.0961003430000000
 0.0972288380000000
 0.0924550470000000
 0.0915392880000000
 0.0990295560000000
 0.0939490220000000
 0.1020506800000000
 0.1087187060000000
 0.0934096380000000
 0.0945193460000000
 0.0926578660000000
 0.0996350090000000
 0.0928508370000000
 0.1002005850000000
 0.0891086710000000
 0.0888209250000000
 0.0911515990000000
 0.0976059100000000
 0.0956127810000000
 0.1047231570000000
 0.0984293400000000
 0.0933526460000000
 0.0874545500000000
 0.0978120120000000
 0.0955233140000000
 0.0941237650000000
 0.0971464250000000
 0.0935149580000000
 0.0980013520000000
 0.0958326400000000
 0.0965181330000000
 0.0934408560000000
 0.1001392630000000
 0.0965243490000000
 0.1032235940000000
 0.0992247620000000
 0.0984942220000000
 0.0973769010000000
 0.0938697520000000
 0.1160183760000000
 0.1003935550000000
 0.1018776130000000
 0.0955576060000000
 0.0963289330000000
 0.1033134790000000
 0.0965391550000000
 0.1112187440000000
 0.1273182760000000
 0.1028546220000000
 0.1063378860000000
 0.0979700630000000
 0.0984935230000000
 0.0962935930000000
 0.1003993530000000
 0.1052791630000000
 0.0988699680000000
 0.1071666230000000
 0.1112815320000000
 0.1120110240000000
 0.1181775900000000
 0.1094393280000000
 0.0962645400000000
 0.0941939550000000
 0.0919843870000000
 0.0950566340000000
 0.0892026080000000
 0.0918529450000000
 0.0925756630000000
 0.0863456110000000
 0.1041966930000000
 0.0932656940000000
 0.0928816370000000
 0.0934534280000000
 0.0942766470000000
 0.0935081140000000
 0.0943816180000000
 0.0931732950000000
 0.0905856060000000
 0.0970720440000000
 0.1013666540000000
 0.0913905950000000
 0.0895884110000000
 0.0875857820000000
 0.0957868250000000
 0.1211687520000000
 0.0895004810000000
 0.0916497770000000
 0.0965329400000000
 0.1061519690000000
 0.0905613000000000
 0.0957623800000000
 0.0932501200000000
 0.0938637450000000
 0.0921250470000000
 0.0968121650000000
 0.0951521070000000
 0.0906705320000000
 0.0930479290000000
 0.0860006650000000
 0.0930945130000000
 0.0898593260000000
 0.0932609450000000
 0.0913229890000000
 0.0975306910000000
 0.0971738720000000
 0.1018025340000000
 0.0925053320000000
 0.0998119170000000
 0.1007110540000000
 0.0979001520000000
 0.0952335420000000
 0.0925376680000000
 0.0973039860000000
 0.0913427540000000
 0.0944507620000000
 0.1047202930000000
 0.0946783040000000
 0.0983168950000000
 0.0958181140000000
 0.0955123490000000
 0.0922518790000000
 0.0957331870000000
 0.0956822720000000
 0.0968738350000000
 0.1123398360000000
 0.1045244570000000
 0.0920503860000000
 0.0985357080000000
 0.0916316180000000
 0.0962907990000000
 0.0904323030000000
 0.1014748380000000
 0.0926338400000000
 0.0917267420000000
 0.1150152470000000
 0.1016841530000000
 0.1018304000000000
 0.1046203500000000
 0.1065202420000000
 0.1075310550000000
 0.1222816030000000
 0.0972154280000000
 0.1008997650000000
 0.0973988320000000
 0.1053596200000000
 0.1156590430000000
 0.1080209910000000
 0.1083651690000000
 0.1028762040000000
 0.1007790800000000
 0.0993840000000000
 0.1151407510000000
 0.0978338730000000
 0.0931194470000000
 0.3292456870000000
 0.0908711170000000
 0.0900726900000000
 0.0925683990000000
 0.0892697250000000
 0.1046706360000000
 0.1151641480000000
 0.9937668750000000
 0.2461049520000000
 0.0937356560000000
 0.0877281890000000
 0.0973624440000000
 0.0934562910000000
 0.1043332330000000
 0.0917497200000000
 0.0884619420000000
 0.0905425130000000
 0.0906634080000000
 0.0986417970000000
 0.0949543870000000
 0.1006467300000000
 0.0874521760000000
 0.0904754650000000
 0.0945734720000000
 0.0889209380000000
 0.0948587740000000
 0.0913383540000000
 0.0951956880000000
 0.1019550660000000
 0.1028484070000000
 0.1011930980000000
 0.0920645640000000
 0.0933015930000000
 0.0891641960000000
 0.0910211350000000
 0.0910991480000000
 0.0908778210000000
 0.0941493960000000
 0.0944478980000000
 0.0905398590000000
 0.1174288910000000
 0.1306244230000000
 0.0864012750000000
 0.1162820970000000
 0.0927304310000000
 0.0907611160000000
 0.0910873450000000
 0.0914597380000000
 0.0936572240000000
 0.0914140620000000
 0.0871962780000000
 0.0861032620000000
 0.0908737700000000
 0.0894148560000000
 0.0961356820000000
 0.0972845710000000
 0.1099771060000000
 0.0960415360000000
 0.0919540750000000
 0.0902970910000000
 0.0955754150000000
 0.0891482720000000
 0.1065868010000000
 0.0978270990000000
 0.7567171250000000
 0.0947463300000000
 0.0893260180000000
 0.0971572500000000
 0.0909272690000000
 0.0893713450000000
 0.0930024630000000
 0.0829201750000000
 0.0941970970000000
 0.0917749320000000
 0.0922609580000000
 0.0938884690000000
 0.0975436130000000
 0.0927843490000000
 0.0917907160000000
 0.0952646910000000
 0.1217036660000000
 0.0903026780000000
 0.0926019230000000
 0.0967032120000000
 0.1392765700000000
 0.0968702030000000
 0.1022586670000000
 0.0923699800000000
 0.1014031810000000
 0.0902538590000000
 0.0899360110000000
 0.1497978100000000
 0.0932066090000000
 0.1041008710000000
 0.1437298600000000
 0.0936716820000000
 0.1029070740000000
 0.1612351570000000
 0.1019368390000000
 0.1005549590000000
 0.1550968070000000
 0.0922701070000000
 0.3745100980000000
 0.4398709890000000
 0.2241517420000000
