6.216e-06 1
1.2991e-05 2
2.0184e-05 3
2.7378e-05 4
3.4781e-05 5
4.2394e-05 6
5.0077e-05 7
5.7829e-05 8
6.5791e-05 9
7.3823e-05 10
8.1924e-05 11
9.0025e-05 12
9.8127e-05 13
0.000106299 14
0.000114471 15
0.000122852 16
0.000131372 17
0.000139893 18
0.000148483 19
0.000157073 20
0.000165663 21
0.000174253 22
0.000182844 23
0.000191435 24
0.000200095 25
0.000208825 26
0.000217556 27
0.000226426 28
0.000235366 29
0.000244306 30
0.000253315 31
0.000262325 32
0.000271335 33
0.000280345 34
0.000289424 35
0.000298503 36
0.000307582 37
0.000316662 38
0.000325742 39
0.000334891 40
0.00034404 41
0.000353189 42
0.000362338 43
0.000371487 44
0.000380707 45
0.000390066 46
0.000399425 47
0.000408923 48
0.000418422 49
0.000427921 50
0.000437489 51
0.000447057 52
0.000456625 53
0.000466194 54
0.000475832 55
0.00048568 56
0.000495598 57
0.000505656 58
0.000515783 59
0.00052591 60
0.000536106 61
0.000546303 62
0.0005565 63
0.000566766 64
0.000577102 65
0.000587509 66
0.000597916 67
0.000608323 68
0.000618799 69
0.000629275 70
0.000639751 71
0.000650227 72
0.000660703 73
0.000671179 74
0.000681725 75
0.000692271 76
0.000702887 77
0.000713573 78
0.000724329 79
0.000735155 80
0.00074605 81
0.000756945 82
0.000767841 83
0.000778876 84
0.000789911 85
0.000800946 86
0.00081233 87
0.000824133 88
0.000835937 89
0.00084781 90
0.000859752 91
0.000872114 92
0.000885942 93
0.00090012 94
0.000914368 95
0.000928685 96
0.000943072 97
0.00095746 98
0.000972686 99
0.000988051 100
0.00100377 101
0.00101983 102
0.00103666 103
0.00105468 104
0.00108332 105
0.00112194 106
0.0817178 107
0.162788 108
0.244831 109
0.32701 110
0.409521 111
0.492056 112
0.574873 113
0.657793 114
0.741239 115
0.824688 116
0.908385 117
0.992124 118
1.07593 119
1.15978 120
1.24366 121
1.32767 122
1.41176 123
1.49594 124
1.58019 125
1.66444 126
1.74878 127
1.83328 128
1.91782 129
2.00254 130
2.08727 131
2.17204 132
2.25684 133
2.34165 134
2.42655 135
2.51152 136
2.59652 137
2.68153 138
2.76658 139
2.85167 140
2.93677 141
3.02209 142
3.1075 143
3.19295 144
3.27841 145
3.36396 146
3.44959 147
3.53522 148
3.62092 149
3.70664 150
3.79238 151
3.87813 152
3.96394 153
4.0498 154
4.13567 155
4.22159 156
4.30752 157
4.39346 158
4.47946 159
4.56552 160
4.6516 161
4.7377 162
4.82383 163
4.90997 164
4.99616 165
5.08238 166
5.16862 167
5.25487 168
5.34115 169
5.42743 170
5.51375 171
5.60007 172
5.68641 173
5.77276 174
5.85912 175
5.94552 176
6.03197 177
6.11846 178
6.20502 179
6.29165 180
6.37829 181
6.46494 182
6.5516 183
6.63827 184
6.72494 185
6.81164 186
6.89834 187
6.98507 188
7.0718 189
7.15854 190
7.24529 191
7.33205 192
7.41881 193
7.5056 194
7.59239 195
7.67919 196
7.76598 197
7.85278 198
7.93958 199
8.02638 200
8.11328 201
8.20023 202
8.28718 203
8.37415 204
8.46116 205
8.54819 206
8.63522 207
8.72226 208
8.80936 209
8.89647 210
8.98358 211
9.0707 212
9.15783 213
9.24498 214
9.33214 215
9.41932 216
9.50651 217
9.59371 218
9.68091 219
9.76814 220
9.85537 221
9.94261 222
10.0298 223
10.1171 224
10.2044 225
10.2916 226
10.3789 227
10.4663 228
10.5536 229
10.641 230
10.7284 231
10.8159 232
10.9033 233
10.9908 234
11.0782 235
11.1658 236
11.2533 237
11.3408 238
11.4284 239
11.516 240
11.6036 241
11.6912 242
11.7788 243
11.8664 244
11.954 245
12.0417 246
12.1293 247
12.2169 248
12.3046 249
12.3923 250
12.48 251
12.5677 252
12.6554 253
12.7432 254
12.8309 255
12.9187 256
13.0064 257
13.0942 258
13.182 259
13.2698 260
13.3576 261
13.4454 262
13.5332 263
13.621 264
13.7089 265
13.7967 266
13.8846 267
13.9725 268
14.0604 269
14.1482 270
14.2361 271
14.324 272
14.412 273
14.4999 274
14.5879 275
14.6758 276
14.7638 277
14.8518 278
14.9398 279
15.0278 280
15.1158 281
15.2039 282
15.292 283
15.38 284
15.4682 285
15.5563 286
15.6445 287
15.7326 288
15.8208 289
15.909 290
15.9971 291
16.0853 292
16.1736 293
16.2618 294
16.35 295
16.4383 296
16.5265 297
16.6148 298
16.7031 299
16.7914 300
16.8797 301
16.9681 302
17.0564 303
17.1448 304
17.2331 305
17.3215 306
17.4099 307
17.4983 308
17.5867 309
17.6751 310
17.7635 311
17.8519 312
17.9404 313
18.0288 314
18.1172 315
18.2056 316
18.2941 317
18.3825 318
18.4709 319
18.5594 320
18.6478 321
18.7363 322
18.8248 323
18.9132 324
19.0017 325
19.0902 326
19.1787 327
19.2673 328
19.3558 329
19.4443 330
19.5329 331
19.6214 332
19.71 333
19.7986 334
19.8872 335
19.9758 336
20.0644 337
20.153 338
20.2417 339
20.3303 340
20.4189 341
20.5076 342
20.5962 343
20.6849 344
20.7736 345
20.8623 346
20.951 347
21.0398 348
21.1285 349
21.2173 350
21.306 351
21.3948 352
21.4836 353
21.5724 354
21.6612 355
21.7499 356
21.8388 357
21.9276 358
22.0164 359
22.1052 360
22.1941 361
22.283 362
22.3718 363
22.4607 364
22.5496 365
22.6384 366
22.7273 367
22.8162 368
22.9052 369
22.9941 370
23.0831 371
23.1721 372
23.2611 373
23.3501 374
23.4391 375
23.5281 376
23.6171 377
23.7061 378
23.7951 379
23.8842 380
23.9732 381
24.0623 382
24.1513 383
24.2404 384
24.3295 385
24.4186 386
24.5078 387
24.5969 388
24.686 389
24.7751 390
24.8642 391
24.9534 392
25.0425 393
25.1317 394
25.2208 395
25.31 396
25.3992 397
25.4884 398
25.5776 399
25.6668 400
25.756 401
25.8453 402
25.9345 403
26.0238 404
26.113 405
26.2023 406
26.2915 407
26.3808 408
26.4701 409
26.5593 410
26.6486 411
26.7379 412
26.8272 413
26.9165 414
27.0058 415
27.0952 416
27.1845 417
27.2739 418
27.3632 419
27.4526 420
27.5419 421
27.6313 422
27.7207 423
27.8101 424
27.8995 425
27.9889 426
28.0783 427
28.1677 428
28.2571 429
28.3465 430
28.4359 431
28.5253 432
28.6147 433
28.7042 434
28.7936 435
28.8831 436
28.9726 437
29.0621 438
29.1516 439
29.2411 440
29.3306 441
29.4201 442
29.5096 443
29.5991 444
29.6887 445
29.7782 446
29.8678 447
29.9573 448
30.0469 449
30.1365 450
30.2261 451
30.3156 452
30.4052 453
30.4948 454
30.5844 455
30.674 456
30.7636 457
30.8532 458
30.9428 459
31.0324 460
31.1221 461
31.2117 462
31.3013 463
31.3909 464
31.4806 465
31.5702 466
31.6599 467
31.7495 468
31.8392 469
31.9289 470
32.0186 471
32.1082 472
32.1979 473
32.2876 474
32.3773 475
32.467 476
32.5568 477
32.6465 478
32.7362 479
32.826 480
32.9158 481
33.0055 482
33.0953 483
33.1851 484
33.2749 485
33.3647 486
33.4545 487
33.5444 488
33.6342 489
33.724 490
33.8139 491
33.9037 492
33.9936 493
34.0834 494
34.1733 495
34.2632 496
34.353 497
34.4429 498
34.5328 499
34.6226 500
34.7125 501
34.8024 502
34.8923 503
34.9823 504
35.0722 505
35.1622 506
35.2522 507
35.3422 508
35.4322 509
35.5222 510
35.6122 511
35.7022 512
35.7923 513
35.8823 514
35.9724 515
36.0624 516
36.1525 517
36.2426 518
36.3327 519
36.4227 520
36.5129 521
36.603 522
36.6931 523
36.7832 524
36.8734 525
36.9635 526
37.0536 527
37.1438 528
37.2339 529
37.3241 530
37.4143 531
37.5044 532
37.5946 533
37.6848 534
37.775 535
37.8652 536
37.9554 537
38.0456 538
38.1359 539
38.2261 540
38.3163 541
38.4066 542
38.4968 543
38.5871 544
38.6774 545
38.7676 546
38.8579 547
38.9482 548
39.0385 549
39.1288 550
39.2191 551
39.3094 552
39.3997 553
39.49 554
39.5804 555
39.6707 556
39.761 557
39.8514 558
39.9418 559
40.0321 560
40.1225 561
40.2129 562
40.3032 563
40.3936 564
40.484 565
40.5744 566
40.6647 567
40.7551 568
40.8455 569
40.936 570
41.0264 571
41.1168 572
41.2072 573
41.2977 574
41.3881 575
41.4785 576
41.569 577
41.6594 578
41.7499 579
41.8404 580
41.9308 581
42.0213 582
42.1118 583
42.2023 584
42.2928 585
42.3833 586
42.4738 587
42.5643 588
42.6548 589
42.7454 590
42.8359 591
42.9264 592
43.017 593
43.1075 594
43.1981 595
43.2887 596
43.3792 597
43.4698 598
43.5604 599
43.651 600
43.7416 601
43.8322 602
43.9228 603
44.0135 604
44.1041 605
44.1948 606
44.2854 607
44.3761 608
44.4668 609
44.5574 610
44.6481 611
44.7388 612
44.8295 613
44.9202 614
45.0108 615
45.1015 616
45.1922 617
45.2829 618
45.3736 619
45.4643 620
45.555 621
45.6457 622
45.7365 623
45.8272 624
45.9179 625
46.0087 626
46.0994 627
46.1901 628
46.2809 629
46.3717 630
46.4624 631
46.5532 632
46.644 633
46.7349 634
46.8257 635
46.9166 636
47.0074 637
47.0983 638
47.1891 639
47.28 640
47.3709 641
47.4618 642
47.5526 643
47.6435 644
47.7344 645
47.8253 646
47.9162 647
48.0072 648
48.0981 649
48.189 650
48.28 651
48.3709 652
48.4619 653
48.5528 654
48.6438 655
48.7348 656
48.8258 657
48.9168 658
49.0078 659
49.0988 660
49.1898 661
49.2808 662
49.3718 663
49.4628 664
49.5538 665
49.6449 666
49.7359 667
49.8269 668
49.918 669
50.009 670
50.1001 671
50.1911 672
50.2822 673
50.3733 674
50.4644 675
50.5555 676
50.6466 677
50.7377 678
50.8288 679
50.9199 680
51.011 681
51.1021 682
51.1932 683
51.2843 684
51.3755 685
51.4666 686
51.5577 687
51.6489 688
51.74 689
51.8312 690
51.9224 691
52.0135 692
52.1047 693
52.1959 694
52.2871 695
52.3783 696
52.4695 697
52.5607 698
52.6519 699
52.7431 700
52.8344 701
52.9256 702
53.0168 703
53.1081 704
53.1993 705
53.2906 706
53.3818 707
53.4731 708
53.5644 709
53.6557 710
53.747 711
53.8383 712
53.9296 713
54.021 714
54.1123 715
54.2036 716
54.295 717
54.3863 718
54.4777 719
54.569 720
54.6604 721
54.7518 722
54.8432 723
54.9346 724
55.026 725
55.1174 726
55.2088 727
55.3002 728
55.3916 729
55.4831 730
55.5745 731
55.666 732
55.7574 733
55.8489 734
55.9403 735
56.0318 736
56.1232 737
56.2147 738
56.3062 739
56.3977 740
56.4891 741
56.5806 742
56.6721 743
56.7636 744
56.8551 745
56.9466 746
57.0381 747
57.1296 748
57.2211 749
57.3126 750
57.4042 751
57.4957 752
57.5872 753
57.6788 754
57.7704 755
57.8619 756
57.9535 757
58.0451 758
58.1367 759
58.2283 760
58.3199 761
58.4116 762
58.5032 763
58.5948 764
58.6864 765
58.7781 766
58.8697 767
58.9614 768
59.053 769
59.1447 770
59.2364 771
59.3281 772
59.4198 773
59.5114 774
59.6031 775
59.6948 776
59.7865 777
59.8783 778
59.97 779
60.0617 780
60.1535 781
60.2452 782
60.337 783
60.4287 784
60.5205 785
60.6123 786
60.704 787
60.7958 788
60.8876 789
60.9794 790
61.0712 791
61.163 792
61.2548 793
61.3466 794
61.4384 795
61.5302 796
61.622 797
61.7139 798
61.8057 799
61.8976 800
61.9894 801
62.0813 802
62.1732 803
62.2651 804
62.357 805
62.4489 806
62.5408 807
62.6327 808
62.7246 809
62.8165 810
62.9084 811
63.0004 812
63.0923 813
63.1843 814
63.2762 815
63.3682 816
63.4601 817
63.5521 818
63.6441 819
63.736 820
63.828 821
63.92 822
64.012 823
64.104 824
64.1961 825
64.2881 826
64.3802 827
64.4722 828
64.5643 829
64.6563 830
64.7484 831
64.8405 832
64.9326 833
65.0246 834
65.1167 835
65.2088 836
65.3009 837
65.393 838
65.4851 839
65.5772 840
65.6693 841
65.7614 842
65.8535 843
65.9456 844
66.0378 845
66.1299 846
66.222 847
66.3142 848
66.4063 849
66.4985 850
66.5907 851
66.6828 852
66.775 853
66.8672 854
66.9594 855
67.0516 856
67.1438 857
67.236 858
67.3282 859
67.4205 860
67.5127 861
67.605 862
67.6972 863
67.7895 864
67.8818 865
67.974 866
68.0663 867
68.1586 868
68.2509 869
68.3432 870
68.4355 871
68.5278 872
68.6201 873
68.7124 874
68.8047 875
68.8971 876
68.9895 877
69.0818 878
69.1742 879
69.2666 880
69.359 881
69.4514 882
69.5438 883
69.6362 884
69.7287 885
69.8211 886
69.9135 887
70.006 888
70.0984 889
70.1909 890
70.2833 891
70.3758 892
70.4683 893
70.5608 894
70.6532 895
70.7457 896
70.8382 897
70.9307 898
71.0232 899
71.1157 900
71.2082 901
71.3008 902
71.3933 903
71.4858 904
71.5784 905
71.6709 906
71.7635 907
71.8561 908
71.9487 909
72.0412 910
72.1338 911
72.2264 912
72.319 913
72.4116 914
72.5042 915
72.5968 916
72.6894 917
72.782 918
72.8747 919
72.9673 920
73.06 921
73.1526 922
73.2453 923
73.3379 924
73.4306 925
73.5232 926
73.6159 927
73.7086 928
73.8012 929
73.8939 930
73.9866 931
74.0793 932
74.172 933
74.2647 934
74.3574 935
74.4501 936
74.5428 937
74.6355 938
74.7282 939
74.821 940
74.9137 941
75.0065 942
75.0992 943
75.192 944
75.2847 945
75.3775 946
75.4703 947
75.5631 948
75.6559 949
75.7487 950
75.8415 951
75.9343 952
76.0271 953
76.12 954
76.2128 955
76.3057 956
76.3986 957
76.4914 958
76.5843 959
76.6772 960
76.7701 961
76.863 962
76.9559 963
77.0488 964
77.1417 965
77.2346 966
77.3275 967
77.4204 968
77.5134 969
77.6064 970
77.6993 971
77.7923 972
77.8853 973
77.9783 974
78.0713 975
78.1643 976
78.2573 977
78.3503 978
78.4434 979
78.5364 980
78.6294 981
78.7225 982
78.8155 983
78.9086 984
79.0016 985
79.0947 986
79.1878 987
79.2808 988
79.3739 989
79.467 990
79.5601 991
79.6532 992
79.7463 993
79.8394 994
79.9326 995
80.0257 996
80.1188 997
80.2119 998
80.3051 999
80.3982 1000
80.4913 1001
80.5845 1002
80.6777 1003
80.7708 1004
80.864 1005
80.9571 1006
81.0503 1007
81.1435 1008
81.2367 1009
81.3299 1010
81.4231 1011
81.5163 1012
81.6095 1013
81.7028 1014
81.796 1015
81.8893 1016
81.9825 1017
82.0758 1018
82.169 1019
82.2623 1020
82.3555 1021
82.4488 1022
82.5421 1023
82.6354 1024
82.7287 1025
82.822 1026
82.9153 1027
83.0086 1028
83.102 1029
83.1953 1030
83.2887 1031
83.382 1032
83.4754 1033
83.5688 1034
83.6622 1035
83.7555 1036
83.8489 1037
83.9423 1038
84.0357 1039
84.1291 1040
84.2225 1041
84.3159 1042
84.4093 1043
84.5027 1044
84.5961 1045
84.6896 1046
84.783 1047
84.8764 1048
84.9699 1049
85.0633 1050
85.1568 1051
85.2503 1052
85.3437 1053
85.4372 1054
85.5307 1055
85.6242 1056
85.7177 1057
85.8112 1058
85.9047 1059
85.9982 1060
86.0917 1061
86.1853 1062
86.2788 1063
86.3723 1064
86.4659 1065
86.5594 1066
86.653 1067
86.7465 1068
86.8401 1069
86.9337 1070
87.0273 1071
87.1209 1072
87.2145 1073
87.3081 1074
87.4017 1075
87.4954 1076
87.589 1077
87.6827 1078
87.7764 1079
87.87 1080
87.9637 1081
88.0574 1082
88.151 1083
88.2447 1084
88.3384 1085
88.4321 1086
88.5258 1087
88.6195 1088
88.7132 1089
88.807 1090
88.9007 1091
88.9944 1092
89.0882 1093
89.1819 1094
89.2757 1095
89.3694 1096
89.4632 1097
89.557 1098
89.6507 1099
89.7445 1100
89.8383 1101
89.9321 1102
90.026 1103
90.1198 1104
90.2136 1105
90.3075 1106
90.4013 1107
90.4952 1108
90.589 1109
90.6829 1110
90.7767 1111
90.8706 1112
90.9645 1113
91.0584 1114
91.1522 1115
91.2461 1116
91.34 1117
91.4339 1118
91.5277 1119
91.6216 1120
91.7156 1121
91.8095 1122
91.9034 1123
91.9973 1124
92.0913 1125
92.1852 1126
92.2792 1127
92.3731 1128
92.4671 1129
92.5611 1130
92.6551 1131
92.7491 1132
92.8431 1133
92.9371 1134
93.0311 1135
93.1251 1136
93.2191 1137
93.3131 1138
93.4071 1139
93.5012 1140
93.5952 1141
93.6893 1142
93.7833 1143
93.8773 1144
93.9714 1145
94.0654 1146
94.1595 1147
94.2536 1148
94.3476 1149
94.4417 1150
94.5358 1151
94.6299 1152
94.724 1153
94.8181 1154
94.9122 1155
95.0063 1156
95.1005 1157
95.1946 1158
95.2888 1159
95.383 1160
95.4772 1161
95.5714 1162
95.6656 1163
95.7598 1164
95.854 1165
95.9482 1166
96.0424 1167
96.1366 1168
96.2309 1169
96.3251 1170
96.4194 1171
96.5137 1172
96.6079 1173
96.7022 1174
96.7965 1175
96.8908 1176
96.9852 1177
97.0795 1178
97.1738 1179
97.2681 1180
97.3625 1181
97.4568 1182
97.5512 1183
97.6455 1184
97.7399 1185
97.8342 1186
97.9286 1187
98.0229 1188
98.1173 1189
98.2117 1190
98.3061 1191
98.4005 1192
98.4949 1193
98.5893 1194
98.6837 1195
98.7781 1196
98.8725 1197
98.967 1198
99.0614 1199
99.1558 1200
99.2503 1201
99.3447 1202
99.4392 1203
99.5336 1204
99.6281 1205
99.7226 1206
99.8171 1207
99.9116 1208
100.006 1209
100.101 1210
100.195 1211
100.29 1212
100.384 1213
100.479 1214
100.573 1215
100.668 1216
100.762 1217
100.857 1218
100.951 1219
101.046 1220
101.141 1221
101.235 1222
101.33 1223
101.424 1224
101.519 1225
101.614 1226
101.708 1227
101.803 1228
101.898 1229
101.992 1230
102.087 1231
102.182 1232
102.276 1233
102.371 1234
102.466 1235
102.561 1236
102.655 1237
102.75 1238
102.845 1239
102.94 1240
103.034 1241
103.129 1242
103.224 1243
103.319 1244
103.414 1245
103.508 1246
103.603 1247
103.698 1248
103.793 1249
103.888 1250
103.983 1251
104.078 1252
104.173 1253
104.267 1254
104.362 1255
104.457 1256
104.552 1257
104.647 1258
104.742 1259
104.837 1260
104.932 1261
105.027 1262
105.122 1263
105.217 1264
105.312 1265
105.407 1266
105.502 1267
105.597 1268
105.692 1269
105.787 1270
105.882 1271
105.977 1272
106.072 1273
106.167 1274
106.263 1275
106.358 1276
106.453 1277
106.548 1278
106.643 1279
106.738 1280
106.833 1281
106.929 1282
107.024 1283
107.119 1284
107.214 1285
107.309 1286
107.404 1287
107.5 1288
107.595 1289
107.69 1290
107.785 1291
107.88 1292
107.976 1293
108.071 1294
108.166 1295
108.261 1296
108.357 1297
108.452 1298
108.547 1299
108.642 1300
108.738 1301
108.833 1302
108.928 1303
109.024 1304
109.119 1305
109.214 1306
109.31 1307
109.405 1308
109.5 1309
109.596 1310
109.691 1311
109.787 1312
109.882 1313
109.977 1314
110.073 1315
110.168 1316
110.264 1317
110.359 1318
110.455 1319
110.55 1320
110.646 1321
110.741 1322
110.837 1323
110.932 1324
111.028 1325
111.123 1326
111.219 1327
111.315 1328
111.41 1329
111.506 1330
111.601 1331
111.697 1332
111.792 1333
111.888 1334
111.984 1335
112.079 1336
112.175 1337
112.27 1338
112.366 1339
112.462 1340
112.557 1341
112.653 1342
112.749 1343
112.844 1344
112.94 1345
113.036 1346
113.131 1347
113.227 1348
113.323 1349
113.418 1350
113.514 1351
113.61 1352
113.706 1353
113.801 1354
113.897 1355
113.993 1356
114.088 1357
114.184 1358
114.28 1359
114.376 1360
114.471 1361
114.567 1362
114.663 1363
114.759 1364
114.854 1365
114.95 1366
115.046 1367
115.142 1368
115.238 1369
115.333 1370
115.429 1371
115.525 1372
115.621 1373
115.717 1374
115.813 1375
115.909 1376
116.005 1377
116.101 1378
116.197 1379
116.292 1380
116.388 1381
116.484 1382
116.58 1383
116.676 1384
116.772 1385
116.868 1386
116.964 1387
117.061 1388
117.157 1389
117.253 1390
117.349 1391
117.445 1392
117.541 1393
117.637 1394
117.733 1395
117.83 1396
117.926 1397
118.022 1398
118.118 1399
118.214 1400
118.31 1401
118.407 1402
118.503 1403
118.599 1404
118.695 1405
118.792 1406
118.888 1407
118.984 1408
119.08 1409
119.177 1410
119.273 1411
119.369 1412
119.465 1413
119.562 1414
119.658 1415
119.754 1416
119.851 1417
119.947 1418
120.043 1419
120.14 1420
120.236 1421
120.332 1422
120.429 1423
120.525 1424
120.621 1425
120.718 1426
120.814 1427
120.91 1428
121.007 1429
121.103 1430
121.2 1431
121.296 1432
121.392 1433
121.489 1434
121.585 1435
121.682 1436
121.778 1437
121.875 1438
121.971 1439
122.068 1440
122.164 1441
122.261 1442
122.357 1443
122.454 1444
122.55 1445
122.647 1446
122.743 1447
122.84 1448
122.936 1449
123.033 1450
123.13 1451
123.226 1452
123.323 1453
123.419 1454
123.516 1455
123.612 1456
123.709 1457
123.806 1458
123.902 1459
123.999 1460
124.096 1461
124.192 1462
124.289 1463
124.386 1464
124.482 1465
124.579 1466
124.676 1467
124.773 1468
124.87 1469
124.966 1470
125.063 1471
125.16 1472
125.257 1473
125.354 1474
125.45 1475
125.547 1476
125.644 1477
125.741 1478
125.838 1479
125.935 1480
126.032 1481
126.129 1482
126.226 1483
126.323 1484
126.42 1485
126.517 1486
126.614 1487
126.711 1488
126.807 1489
126.904 1490
127.001 1491
127.098 1492
127.195 1493
127.293 1494
127.39 1495
127.487 1496
127.584 1497
127.681 1498
127.778 1499
127.875 1500
127.972 1501
128.069 1502
128.166 1503
128.263 1504
128.361 1505
128.458 1506
128.555 1507
128.652 1508
128.749 1509
128.846 1510
128.944 1511
129.041 1512
129.138 1513
129.235 1514
129.332 1515
129.43 1516
129.527 1517
129.624 1518
129.721 1519
129.819 1520
129.916 1521
130.013 1522
130.11 1523
130.208 1524
130.305 1525
130.402 1526
130.5 1527
130.597 1528
130.694 1529
130.792 1530
130.889 1531
130.986 1532
131.084 1533
131.181 1534
131.279 1535
131.376 1536
131.473 1537
131.571 1538
131.668 1539
131.766 1540
131.863 1541
131.961 1542
132.058 1543
132.156 1544
132.253 1545
132.351 1546
132.448 1547
132.546 1548
132.643 1549
132.741 1550
132.839 1551
132.936 1552
133.034 1553
133.131 1554
133.229 1555
133.327 1556
133.424 1557
133.522 1558
133.62 1559
133.717 1560
133.815 1561
133.913 1562
134.011 1563
134.109 1564
134.206 1565
134.304 1566
134.402 1567
134.5 1568
134.598 1569
134.696 1570
134.793 1571
134.891 1572
134.989 1573
135.087 1574
135.185 1575
135.283 1576
135.381 1577
135.479 1578
135.577 1579
135.675 1580
135.773 1581
135.871 1582
135.969 1583
136.067 1584
136.165 1585
136.263 1586
136.361 1587
136.459 1588
136.558 1589
136.656 1590
136.754 1591
136.852 1592
136.95 1593
137.049 1594
137.147 1595
137.245 1596
137.343 1597
137.442 1598
137.54 1599
137.638 1600
137.736 1601
137.835 1602
137.933 1603
138.031 1604
138.13 1605
138.228 1606
138.327 1607
138.425 1608
138.523 1609
138.622 1610
138.72 1611
138.819 1612
138.917 1613
139.016 1614
139.114 1615
139.213 1616
139.311 1617
139.41 1618
139.509 1619
139.607 1620
139.706 1621
139.804 1622
139.903 1623
140.002 1624
140.1 1625
140.199 1626
140.298 1627
140.396 1628
140.495 1629
140.594 1630
140.692 1631
140.791 1632
140.89 1633
140.989 1634
141.087 1635
141.186 1636
141.285 1637
141.384 1638
141.483 1639
141.581 1640
141.68 1641
141.779 1642
141.878 1643
141.977 1644
142.076 1645
142.174 1646
142.273 1647
142.372 1648
142.471 1649
142.57 1650
142.669 1651
142.768 1652
142.867 1653
142.966 1654
143.065 1655
143.164 1656
143.263 1657
143.362 1658
143.461 1659
143.56 1660
143.659 1661
143.758 1662
143.857 1663
143.957 1664
144.056 1665
144.155 1666
144.254 1667
144.354 1668
144.453 1669
144.552 1670
144.652 1671
144.751 1672
144.851 1673
144.95 1674
145.05 1675
145.149 1676
145.248 1677
145.348 1678
145.447 1679
145.547 1680
145.647 1681
145.746 1682
145.846 1683
145.945 1684
146.045 1685
146.144 1686
146.244 1687
146.343 1688
146.443 1689
146.543 1690
146.643 1691
146.742 1692
146.842 1693
146.942 1694
147.042 1695
147.141 1696
147.241 1697
147.341 1698
147.441 1699
147.54 1700
147.64 1701
147.74 1702
147.84 1703
147.94 1704
148.04 1705
148.14 1706
148.239 1707
148.339 1708
148.439 1709
148.539 1710
148.639 1711
148.739 1712
148.839 1713
148.94 1714
149.04 1715
149.14 1716
149.24 1717
149.34 1718
149.44 1719
149.541 1720
149.641 1721
149.741 1722
149.841 1723
149.942 1724
150.042 1725
150.143 1726
150.243 1727
150.343 1728
150.444 1729
150.545 1730
150.645 1731
150.746 1732
150.847 1733
150.947 1734
151.048 1735
151.149 1736
151.25 1737
151.35 1738
151.451 1739
151.552 1740
151.653 1741
151.754 1742
151.855 1743
151.956 1744
152.057 1745
152.158 1746
152.259 1747
152.36 1748
152.461 1749
152.562 1750
152.663 1751
152.764 1752
152.865 1753
152.966 1754
153.067 1755
153.168 1756
153.27 1757
153.371 1758
153.472 1759
153.573 1760
153.674 1761
153.776 1762
153.877 1763
153.978 1764
154.08 1765
154.181 1766
154.282 1767
154.384 1768
154.485 1769
154.587 1770
154.688 1771
154.79 1772
154.891 1773
154.993 1774
155.094 1775
155.196 1776
155.297 1777
155.399 1778
155.5 1779
155.602 1780
155.704 1781
155.805 1782
155.907 1783
156.009 1784
156.11 1785
156.212 1786
156.314 1787
156.416 1788
156.517 1789
156.619 1790
156.721 1791
156.823 1792
156.925 1793
157.027 1794
157.128 1795
157.23 1796
157.332 1797
157.434 1798
157.536 1799
157.638 1800
157.74 1801
157.842 1802
157.944 1803
158.046 1804
158.148 1805
158.25 1806
158.352 1807
158.454 1808
158.557 1809
158.659 1810
158.761 1811
158.863 1812
158.965 1813
159.067 1814
159.17 1815
159.272 1816
159.374 1817
159.477 1818
159.579 1819
159.682 1820
159.784 1821
159.887 1822
159.989 1823
160.092 1824
160.194 1825
160.297 1826
160.4 1827
160.502 1828
160.605 1829
160.708 1830
160.811 1831
160.914 1832
161.017 1833
161.119 1834
161.222 1835
161.325 1836
161.428 1837
161.531 1838
161.634 1839
161.737 1840
161.84 1841
161.943 1842
162.046 1843
162.149 1844
162.253 1845
162.356 1846
162.459 1847
162.562 1848
162.666 1849
162.769 1850
162.872 1851
162.976 1852
163.079 1853
163.183 1854
163.286 1855
163.39 1856
163.494 1857
163.598 1858
163.701 1859
163.805 1860
163.909 1861
164.013 1862
164.117 1863
164.22 1864
164.324 1865
164.428 1866
164.532 1867
164.636 1868
164.74 1869
164.844 1870
164.948 1871
165.052 1872
165.156 1873
165.26 1874
165.364 1875
165.468 1876
165.572 1877
165.677 1878
165.781 1879
165.885 1880
165.989 1881
166.093 1882
166.198 1883
166.302 1884
166.406 1885
166.51 1886
166.615 1887
166.719 1888
166.823 1889
166.928 1890
167.032 1891
167.137 1892
167.241 1893
167.346 1894
167.45 1895
167.555 1896
167.66 1897
167.764 1898
167.869 1899
167.974 1900
168.078 1901
168.183 1902
168.288 1903
168.392 1904
168.497 1905
168.602 1906
168.707 1907
168.812 1908
168.917 1909
169.022 1910
169.127 1911
169.232 1912
169.337 1913
169.442 1914
169.547 1915
169.652 1916
169.758 1917
169.863 1918
169.968 1919
170.074 1920
170.179 1921
170.285 1922
170.39 1923
170.496 1924
170.601 1925
170.707 1926
170.813 1927
170.919 1928
171.024 1929
171.13 1930
171.236 1931
171.342 1932
171.448 1933
171.554 1934
171.661 1935
171.767 1936
171.873 1937
171.98 1938
172.086 1939
172.193 1940
172.3 1941
172.406 1942
172.513 1943
172.62 1944
172.726 1945
172.833 1946
172.941 1947
173.048 1948
173.155 1949
173.262 1950
173.369 1951
173.476 1952
173.583 1953
173.691 1954
173.798 1955
173.906 1956
174.013 1957
174.121 1958
174.228 1959
174.336 1960
174.443 1961
174.551 1962
174.659 1963
174.767 1964
174.876 1965
174.984 1966
175.092 1967
175.2 1968
175.309 1969
175.417 1970
175.526 1971
175.634 1972
175.743 1973
175.851 1974
175.96 1975
176.068 1976
176.177 1977
176.286 1978
176.394 1979
176.503 1980
176.612 1981
176.721 1982
176.831 1983
176.94 1984
177.049 1985
177.158 1986
177.268 1987
177.377 1988
177.486 1989
177.596 1990
177.705 1991
177.815 1992
177.925 1993
178.034 1994
178.144 1995
178.254 1996
178.364 1997
178.474 1998
178.585 1999
178.695 2000
178.805 2001
178.916 2002
179.026 2003
179.137 2004
179.247 2005
179.358 2006
179.468 2007
179.579 2008
179.69 2009
179.801 2010
179.912 2011
180.023 2012
180.134 2013
180.246 2014
180.357 2015
180.468 2016
180.58 2017
180.691 2018
180.802 2019
180.914 2020
181.025 2021
181.137 2022
181.249 2023
181.36 2024
181.472 2025
181.584 2026
181.696 2027
181.808 2028
181.92 2029
182.032 2030
182.144 2031
182.257 2032
182.369 2033
182.482 2034
182.594 2035
182.707 2036
182.82 2037
182.932 2038
183.045 2039
183.158 2040
183.271 2041
183.384 2042
183.497 2043
183.611 2044
183.725 2045
183.838 2046
183.952 2047
184.066 2048
184.18 2049
184.294 2050
184.408 2051
184.523 2052
184.637 2053
184.752 2054
184.866 2055
184.981 2056
185.096 2057
185.21 2058
185.325 2059
185.44 2060
185.555 2061
185.671 2062
185.786 2063
185.901 2064
186.016 2065
186.131 2066
186.247 2067
186.362 2068
186.477 2069
186.593 2070
186.708 2071
186.824 2072
186.939 2073
187.055 2074
187.171 2075
187.287 2076
187.403 2077
187.519 2078
187.635 2079
187.751 2080
187.867 2081
187.984 2082
188.1 2083
188.216 2084
188.333 2085
188.45 2086
188.567 2087
188.684 2088
188.8 2089
188.917 2090
189.035 2091
189.152 2092
189.269 2093
189.387 2094
189.504 2095
189.622 2096
189.739 2097
189.856 2098
189.974 2099
190.092 2100
190.21 2101
190.328 2102
190.446 2103
190.564 2104
190.682 2105
190.8 2106
190.918 2107
191.036 2108
191.155 2109
191.273 2110
191.391 2111
191.51 2112
191.628 2113
191.747 2114
191.865 2115
191.984 2116
192.103 2117
192.221 2118
192.34 2119
192.459 2120
192.578 2121
192.697 2122
192.816 2123
192.936 2124
193.055 2125
193.175 2126
193.295 2127
193.415 2128
193.535 2129
193.655 2130
193.775 2131
193.896 2132
194.016 2133
194.137 2134
194.258 2135
194.379 2136
194.5 2137
194.621 2138
194.742 2139
194.863 2140
194.984 2141
195.106 2142
195.227 2143
195.349 2144
195.471 2145
195.592 2146
195.714 2147
195.836 2148
195.958 2149
196.08 2150
196.202 2151
196.325 2152
196.447 2153
196.57 2154
196.692 2155
196.815 2156
196.938 2157
197.061 2158
197.184 2159
197.307 2160
197.43 2161
197.553 2162
197.677 2163
197.8 2164
197.924 2165
198.048 2166
198.172 2167
198.296 2168
198.421 2169
198.546 2170
198.671 2171
198.796 2172
198.921 2173
199.046 2174
199.171 2175
199.296 2176
199.422 2177
199.547 2178
199.673 2179
199.798 2180
199.925 2181
200.051 2182
200.178 2183
200.304 2184
200.431 2185
200.558 2186
200.685 2187
200.812 2188
200.94 2189
201.068 2190
201.197 2191
201.325 2192
201.454 2193
201.583 2194
201.712 2195
201.842 2196
201.973 2197
202.103 2198
202.235 2199
202.367 2200
202.499 2201
202.631 2202
202.763 2203
202.896 2204
203.03 2205
203.163 2206
203.297 2207
203.431 2208
203.565 2209
203.699 2210
203.834 2211
203.969 2212
204.104 2213
204.24 2214
204.376 2215
204.512 2216
204.648 2217
204.785 2218
204.922 2219
205.059 2220
205.197 2221
205.335 2222
205.473 2223
205.612 2224
205.752 2225
205.891 2226
206.032 2227
206.173 2228
206.315 2229
206.457 2230
206.6 2231
206.744 2232
206.887 2233
207.031 2234
207.175 2235
207.32 2236
207.464 2237
207.61 2238
207.756 2239
207.901 2240
208.049 2241
208.196 2242
208.344 2243
208.492 2244
208.64 2245
208.789 2246
208.939 2247
209.089 2248
209.238 2249
209.39 2250
209.541 2251
209.694 2252
209.846 2253
209.999 2254
210.151 2255
210.304 2256
210.458 2257
210.613 2258
210.768 2259
210.923 2260
211.08 2261
211.236 2262
211.393 2263
211.55 2264
211.708 2265
211.866 2266
212.024 2267
212.184 2268
212.344 2269
212.504 2270
212.665 2271
212.826 2272
212.987 2273
213.149 2274
213.311 2275
213.473 2276
213.635 2277
213.797 2278
213.96 2279
214.123 2280
214.287 2281
214.451 2282
214.616 2283
214.781 2284
214.947 2285
215.113 2286
215.279 2287
215.446 2288
215.614 2289
215.782 2290
215.95 2291
216.119 2292
216.288 2293
216.458 2294
216.628 2295
216.798 2296
216.969 2297
217.14 2298
217.312 2299
217.488 2300
217.664 2301
217.84 2302
218.019 2303
218.199 2304
218.379 2305
218.559 2306
218.739 2307
218.921 2308
219.103 2309
219.286 2310
219.469 2311
219.652 2312
219.836 2313
220.02 2314
220.205 2315
220.389 2316
220.574 2317
220.759 2318
220.945 2319
221.131 2320
221.318 2321
221.505 2322
221.694 2323
221.883 2324
222.074 2325
222.265 2326
222.457 2327
222.65 2328
222.844 2329
223.038 2330
223.233 2331
223.427 2332
223.624 2333
223.821 2334
224.019 2335
224.218 2336
224.418 2337
224.618 2338
224.819 2339
225.02 2340
225.221 2341
225.423 2342
225.626 2343
225.828 2344
226.031 2345
226.234 2346
226.438 2347
226.643 2348
226.849 2349
227.054 2350
227.261 2351
227.469 2352
227.677 2353
227.889 2354
228.102 2355
228.315 2356
228.529 2357
228.746 2358
228.964 2359
229.184 2360
229.405 2361
229.625 2362
229.847 2363
230.071 2364
230.294 2365
230.519 2366
230.745 2367
230.971 2368
231.197 2369
231.423 2370
231.65 2371
231.877 2372
232.104 2373
232.332 2374
232.561 2375
232.792 2376
233.029 2377
233.267 2378
233.51 2379
233.753 2380
233.996 2381
234.24 2382
234.487 2383
234.734 2384
234.984 2385
235.241 2386
235.5 2387
235.76 2388
236.021 2389
236.283 2390
236.545 2391
236.808 2392
237.073 2393
237.34 2394
237.608 2395
237.879 2396
238.15 2397
238.421 2398
238.697 2399
238.974 2400
239.253 2401
239.533 2402
239.816 2403
240.1 2404
240.385 2405
240.671 2406
240.959 2407
241.248 2408
241.538 2409
241.831 2410
242.124 2411
242.419 2412
242.714 2413
243.011 2414
243.311 2415
243.615 2416
243.918 2417
244.223 2418
244.53 2419
244.842 2420
245.156 2421
245.478 2422
245.802 2423
246.131 2424
246.466 2425
246.801 2426
247.141 2427
247.483 2428
247.825 2429
248.173 2430
248.522 2431
248.876 2432
249.231 2433
249.59 2434
249.957 2435
250.324 2436
250.696 2437
251.069 2438
251.444 2439
251.83 2440
252.219 2441
252.611 2442
253.003 2443
253.397 2444
253.791 2445
254.19 2446
254.59 2447
254.991 2448
255.398 2449
255.806 2450
256.215 2451
256.63 2452
257.046 2453
257.463 2454
257.889 2455
258.319 2456
258.759 2457
259.215 2458
259.673 2459
260.173 2460
260.679 2461
261.212 2462
261.746 2463
262.285 2464
262.833 2465
263.434 2466
264.072 2467
264.712 2468
265.366 2469
266.042 2470
266.722 2471
267.424 2472
268.154 2473
268.895 2474
269.651 2475
270.413 2476
271.182 2477
271.953 2478
272.738 2479
273.53 2480
274.327 2481
275.201 2482
276.098 2483
277.025 2484
277.959 2485
278.906 2486
279.882 2487
280.875 2488
281.885 2489
282.9 2490
283.917 2491
284.935 2492
286.062 2493
287.31 2494
288.574 2495
289.914 2496
291.261 2497
292.634 2498
294.04 2499
295.461 2500
297.177 2501
298.92 2502
300.774 2503
302.704 2504
304.765 2505
307.163 2506
309.74 2507
312.535 2508
315.859 2509
319.434 2510
323.021 2511
327.543 2512
332.172 2513
336.987 2514
341.923 2515
347.259 2516
353.172 2517
359.628 2518
366.216 2519
373.07 2520
380.093 2521
387.546 2522
395.075 2523
402.646 2524
412.159 2525
422.327 2526
433.409 2527
444.613 2528
457.49 2529
473.024 2530
493.523 2531
514.029 2532
536.724 2533
585.029 2534
636.333 2535
